. 377532
, 217450
? 96848
- 67881
! 65023
... 22811
" 19817
: 2638
— 1576
 1000
' 951
# 926
10 632
¹ 504
20 484
/ 470
.. 437
2 424
5 392
30 387
3 323
% 317
50 301
1 295
15 291
12 267
100 264
00 259
♪ 236
4 236
$ 223
; 196
6 188
| 164
000 162
) 161
8 160
( 152
25 152
40 152
9 149
11 139
7 135
¶ 132
 128
24 122
500 121
200 116
300 112
13 110
18 107
14 106
16 103
17 90
60 88
– 87
22 75
21 73
45 71
90 68
 66
19 60
80 59
35 58
1000 57
¾ 56
70 54
2. 53
^ 53
4. 52
5000 52
23 52
600 51
400 48
1. 46
0 45
3. 45
27 45
48 43
12. 42
01 42
2000 42
3000 41
5. 41
250 40
911 40
] 38
1985. 37
47 37
[ 36
26 36
21. 36
36 36
800 35
© 34
9. 34
42 33
6. 32
28 32
150 32
11. 31
32 31
55 29
7. 28
10000 28
227 27
75 26
8. 25
10. 25
33 24
22. 24
ą 24
120 23
38 23
43 23
đî 22
140 22
37 22
23. 22
95 21
700 21
19. 20
6000 20
1500 20
723 20
29 19
4000 19
34 19
* 19
99 19
1885. 19
13. 18
52 18
20. 18
900 18
72 18
30000 18
65 18
46 18
15. 17
25. 17
1943. 17
18. 17
1955. 17
125 16
31 16
_ 16
14. 16
49 15
02 15
2012. 15
@ 15
1976. 15
51 15
16. 15
100000 14
53 14
39 14
85 14
110 14
2007. 14
87 14
17. 14
160 14
8000 13
78 13
27. 13
100,000 13
180 13
9.00 12
2003. 12
64 12
1973. 12
450 11
1,5 11
56 11
59 11
2,5 11
1945. 11
1200 11
+ 11
355 10
47. 10
2009. 10
2005. 10
1969. 10
66 10
41 10
84 10
172 10
26. 10
30. 10
1996. 10
58 10
24. 10
57 10
63 10
98 10
54 10
2010. 10
2000. 9
12000 9
51. 9
67 9
2004. 9
31. 9
360 9
09 9
50. 9
1,21 9
44 9
2001. 9
90. 8
\ 8
° 8
1955 8
74 8
8.00 8
1982. 8
1800 8
į 8
68 8
350 8
96 8
101 8
2012 8
05 8
1947. 8
62 8
03 8
7000 8
9000 8
18.00 8
52. 7
1985 7
 7
97 7
10.00 7
1,2 7
69 7
1991. 7
2006. 7
80000 7
24601 7
1950-2000 7
79 7
10,000 7
2008. 6
86 6
76 6
2011. 6
1600 6
298 6
99. 6
67. 6
20000 6
1976 6
130 6
1962. 6
12.00 6
1997. 6
1943 6
1999. 6
46. 6
61 6
 6
10-4 6
102 6
1968. 6
50,000 6
2015. 6
1990. 6
187 5
04 5
1958. 5
197 5
92 5
77 5
94 5
237 5
1989. 5
20.00 5
103 5
1931. 5
25000 5
365 5
3500 5
1-6 5
732 5
15000 5
1965. 5
275 5
7.00 5
2500 5
500000 5
1975. 5
39. 5
29. 5
2-1 5
325 5
1944. 5
1992. 5
91 5
82 5
22.00 5
2-3 5
331 5
270 5
80. 5
93 5
1986. 5
3,5 5
1967. 5
1988. 5
175 5
1970. 5
1978. 5
43,125 4
86. 4
2016. 4
220 4
1931 4
216 4
755 4
1966. 4
265 4
37. 4
28. 4
363 4
14.00 4
1977. 4
128 4
711 4
40000 4
1993. 4
74. 4
1998. 4
320 4
83 4
1,6 4
1979. 4
207. 4
2002. 4
113 4
1918. 4
16.00 4
206 4
375 4
625 4
35. 4
7,5 4
185 4
96. 4
15.00 4
090 4
08 4
2,000 4
1920. 4
6.00 4
13000 4
36. 4
44. 4
2,4 4
1948. 4
2,6 4
118 4
42. 4
4,5 4
617 4
1980. 4
1981. 4
2005 4
73 4
392 4
89 4
1944 4
402 4
8-10 4
184 4
71 4
79. 3
394. 3
............ 3
1974 3
2001 3
07 3
45. 3
203 3
1930. 3
7605 3
83. 3
2006 3
4,25 3
213 3
291 3
5,4,3,2 3
2700 3
1941. 3
1913. 3
166 3
400000 3
1961. 3
1-1 3
1972 3
1952. 3
2,3 3
8,2 3
1999.1 3
1956. 3
2200 3
= 3
41. 3
1895. 3
10-50 3
13.00 3
32. 3
722 3
1,19 3
1885 3
95. 3
212 3
1935. 3
3,99 3
9,5 3
1994. 3
109 3
1939. 3
1300 3
1,600 3
16000 3
612 3
1960. 3
1990 3
1977 3
11.00 3
7.30 3
.4 3
6-1 3
1983. 3
2150 3
¦ 3
1946. 3
33. 3
3.00 3
300000 3
2203 3
® 3
190 3
16.30 3
260 3
1328 3
23.00 3
1902. 3
95-94 3
364 3
1830 3
136 3
715 3
2707 3
38. 3
19-17 3
68. 3
1933. 3
~ 3
170 3
464 3
75000 3
380 3
246 3
3,8 3
80,000 3
200,000 3
1,7 3
3-4 3
1959 3
418. 3
60. 3
4-6 3
429 3
602 3
650 3
2014 3
131278871 2
2009 2
825 2
727 2
133 2
307 2
65. 2
147 2
1781. 2
123 2
82. 2
2091. 2
.357 2
707 2
8,000 2
2150. 2
712 2
32,50 2
1321 2
1861. 2
1921. 2
1831. 2
1984 2
94. 2
581 2
111 2
1,500 2
1899. 2
5678483 2
144 2
4421. 2
11-22 2
9.06 2
21.30 2
13.45 2
09.10.2013 2
04.11.2004. 2
3-5 2
1964. 2
100. 2
110. 2
105. 2
0-1 2
81. 2
720 2
 2
240 2
1960 2
8.1 2
3,25 2
750 2
54. 2
209 2
116 2
10-23 2
561 2
1893. 2
8808 2
5,6 2
2735. 2
0.292 2
883. 2
1-8-0 2
9-1 2
20.30 2
144. 2
9.42 2
9.34 2
1972. 2
972 2
4221 2
53. 2
1,85 2
ŗ 2
14800 2
850 2
1937. 2
1912. 2
200000 2
1575 2
759 2
114 2
1925. 2
1867. 2
1915. 2
1917 2
1100 2
288 2
750000 2
4.00 2
412 2
421 2
862 2
3184 2
268 2
414 2
551 2
316 2
731 2
1,88 2
3200 2
73. 2
283 2
34. 2
786 2
425 2
88. 2
1014 2
315. 2
1974. 2
1884. 2
15.15 2
501 2
1870. 2
652 2
137 2
5.00 2
5,5 2
5988 2
333 2
1995 2
2008 2
10-1 2
43. 2
2011 2
146 2
10.30 2
149,5 2
2016 2
2020 2
273. 2
2300 2
1963 2
17-5 2
152 2
1966 2
728 2
730 2
578 2
101. 2
232 2
132 2
158 2
} 2
139 2
49. 2
242 2
648 2
1907. 2
1791 2
50000 2
115 2
6492 2
274 2
5944 2
195 2
259 2
560 2
66. 2
.... 2
11000 2
...... 2
285 2
664 2
212-664-7665 2
1,25 2
178 2
1880 2
422 2
1936 2
2004 2
21.00 2
2.00 2
8.15 2
5500 2
88 2
162 2
79.95 2
1,3 2
9,1 2
58. 2
2400 2
2,2 2
129 2
340 2
555 2
20-24 2
305 2
..... 2
405. 2
1970 2
6,5 2
8,5 2
£ 2
20-10 2
9,6 2
117 2
1989 2
70,000 2
40. 2
5-6 2
224 2
26,000 2
70. 2
3,4 2
{ 2
1987. 2
1992 2
0-3-0 2
145 2
390 2
40,000 2
165 2
1460 2
1,9 2
1911. 2
141 2
2219 2
381 2
19.00 2
1967 2
1400 2
1601 1
1965-2007 1
39,95 1
8412 1
408 1
663 1
35097 1
1837. 1
1991 1
1953 1
2003 1
7315 1
1.4 1
7951 1
8760 1
434 1
1932. 1
1,80 1
0,00 1
784208,72 1
161,8 1
6600 1
17.30 1
13,000 1
211 1
10-49 1
579 1
8622 1
1737-1809 1
377-31 1
1929-1968 1
193 1
665 1
1934-1996 1
19.99 1
6437 1
280 1
1647. 1
666 1
3750 1
47000 1
350,400 1
2860 1
1382 1
117000 1
358. 1
1721 1
0,1 1
3867 1
0,12 1
364940 1
879000 1
1192 1
1032 1
6734 1
1971. 1
901 1
7419. 1
1894. 1
0,112 1
687 1
4877 1
5364 1
273 1
1949. 1
12942 1
322 1
1951 1
238 1
7132 1
557421 1
786412 1
7,2 1
1596 1
534226 1
909 1
1996 1
1656. 1
341 1
053 1
20-30 1
5,23 1
214 1
224152 1
1039 1
2,15 1
2,0 1
199. 1
404 1
200. 1
1984. 1
10.25 1
1138 1
1997 1
1640 1
0000 1
1776 1
198 1
6-2-9 1
1946 1
06.00 1
1973 1
555-4823 1
7,62 1
0-9-0 1
2-5-0 1
6,5-8 1
1932 1
1648. 1
1954 1
2057 1
999 1
2561 1
105 1
106 1
12-2-18-09 1
4268 1
62,5 1
399 1
91. 1
2-5 1
199 1
5200 1
2,500 1
668 1
7337 1
08.06.64 1
941 1
07.06.47 1
52,3 1
54,6 1
362 1
8.4 1
20070624 1
12000000 1
7611053 1
1762. 1
1146 1
1587. 1
3120 1
467 1
174 1
5-1-7 1
.849 1
527 1
.549 1
1502 1
.60 1
396 1
2760 1
62,2 1
3,60 1
4,000 1
7,1 1
7.2 1
6.5 1
5.9 1
21.60 1
1950. 1
1835. 1
1735-1826 1
 1
20.42 1
49,2 1
995 1
413. 1
1,772453 1
222. 1
6`000 1
10-15 1
1918 1
804 1
1,99 1
124 1
1416 1
14,318 1
16,119 1
1981 1
7.1 1
5913 1
751000 1
21216 1
183 1
123. 1
108. 1
216. 1
22216 1
230 1
1812. 1
1788. 1
2901 1
1332. 1
6,18 1
310 1
8.50 1
148 1
999,95 1
6400 1
9600 1
4500 1
550 1
0,8 1
........ 1
1917. 1
505 1
9.00-17.00 1
19.45 1
1874 1
04.03.1945.-12.06.1984 1
............. 1
1957 1
12.59 1
245 1
415 1
85. 1
7,500,000 1
1798. 1
30-45 1
2089. 1
3793 1
1924. 1
25-12 1
010 1
26-7 1
4.5 1
290 1
257 1
255 1
52-0 1
30-0 1
42-14 1
1809 1
52,8 1
17-16 1
­ 1
19364 1
302,57 1
313 1
863 1
1590 1
16,1 1
760. 1
972. 1
4,50 1
444 1
990-36-7249 1
2093. 1
327 1
7-4-0-1-4-7-7 1
37000000 1
9112012 1
98,8 1
11.12 1
37000 1
1,900,202 1
870. 1
320. 1
1815. 1
19,000 1
1823. 1
1700. 1
1832. 1
1215. 1
000. 1
1911 1
8-2 1
818-775-3993 1
818-725-4424 1
31.90 1
1025 1
4775 1
24-7 1
25.3 1
45000 1
416-209 1
682 1
540 1
2094. 1
1988 1
11.30 1
90362 1
80365 1
1975 1
....... 1
20070616 1
6500 1
18.50 1
0.1 1
13.35 1
95.7 1
1-14 1
193.6 1
1860. 1
2-5-10 1
975 1
925 1
5-10 1
882 1
669 1
1776. 1
20070606 1
1838. 1
98.6 1
2090 1
2.77 1
34,50 1
5150. 1
387. 1
287. 1
1891 1
179 1
288. 1
12.06 1
7.09 1
33.78 1
38.91 1
0405 1
805 1
1435 1
27,94654 1
4-4-2 1
5-4-1 1
7300 1
9,95 1
2040 1
43,16547 1
7282232 1
1942. 1
7348 1
18,000 1
60000 1
127 1
420 1
1-2-4 1
5,56 1
1928. 1
803 1
22.011 1
1320 1
545 1
138 1
634 1
2019. 1
1789. 1
1492. 1
808 1
776. 1
776 1
620. 1
1492 1
10-12 1
1329. 1
1508. 1
184. 1
635 1
3-6 1
401 1
15.30 1
965 1
1866 1
1314. 1
1871. 1
267.90 1
108 1
19.95 1
3,821 1
480 1
1792. 1
1929. 1
1` 1
2,45 1
48,299 1
51,223 1
1000000 1
1941 1
05,852 1
394 1
26,299 1
30,725 1
1942 1
3312 1
7400 1
47-20 1
88,000 1
3,500 1
29,99 1
04,384 1
1914 1
700,000 1
1574 1
1280. 1
1922 1
3600 1
1983 1
570 1
41,191 1
43,274 1
47,351 1
50,926 1
75. 1
1953. 1
17.37. 1
600-650 1
17-18 1
1192. 1
1200. 1
2014. 1
1008. 1
226 1
176 1
967 1
1935 1
857. 1
1572. 1
1573. 1
20070521 1
3970 1
24455 1
1954. 1
345-1 1
112 1
1-0-9 1
38,5 1
3113 1
1.-5 1
1618. 1
1748. 1
1780. 1
1-7-12-33 1
1783. 1
439 1
6209 1
1865. 1
1864. 1
4-5 1
17000 1
1934. 1
17-20 1
6.23 1
4.24 1
177 1
3.30 1
11-15 1
6510 1
1.46 1
01.04.09 1
323 1
235 1
1969 1
27,859 1
31,446 1
020 1
210 1
149 1
765 1
4300. 1
126 1
2600. 1
12.04.09 1
42,497 1
325. 1
757 1
820 1
8.46 1
18,5 1
168 1
1900 1
1.98 1
1910. 1
5400 1
122 1
47,382 1
155 1
0,25 1
35,9 1
8.30 1
19,521 1
20,748 1
13.59 1
7.05 1
5.25 1
19,543 1
7.29 1
7.58 1
45,391 1
40,882 1
8.28 1
17,426 1
87. 1
89. 1
213. 1
173. 1
12,823 1
142 1
1959. 1
11,426 1
07,323 1
3.99 1
97.50 1
1908. 1
32000 1
8.07 1
.732 1
1940. 1
7.8 1
48. 1
1994 1
.45 1
33,517 1
1909 1
1922-1980 1
31,211 1
57,342 1
5978 1
20,803 1
1909. 1
55,739 1
81 1
870 1
675 1
920 1
880 1
6-10 1
1760 1
1732. 1
55,315 1
53,512 1
1896. 1
10.000 1
3434 1
2-7-9 1
5.15 1
2.45 1
1881. 1
42,000 1
555-3147 1
39,300 1
119 1
1432. 1
215 1
0.38 1
2092. 1
23.05 1
800,00 1
226. 1
12385 1
20070611 1
25.000 1
709. 1
5236 1
23,75 1
12879. 1
203. 1
4,500,000 1
35,000 1
300,00 1
1.65 1
4200 1
7,000 1
1904. 1
1903. 1
1588. 1
91000 1
1836 1
1786 1
18,4 1
9,2 1
06 1
248,000 1
520 1
2736 1
1-0-8 1
1846. 1
5.50 1
5,000 1
20,000 1
3,2 1
525. 1
67-68 1
................ 1
564 1
16,486 1
18,579 1
1963. 1
0.2 1
263 1
07.02.70 1
98,5 1
687. 1
713. 1
713 1
665. 1
312 1
352 1
426 1
472 1
2.95 1
6-1-0 1
221 1
7-6 1
15,000 1
34762 1
323-555-6439 1
114. 1
5-3-1 1
1938 1
1939 1
704 1
121 1
2065. 1
135 1
1.2 1
217 1
58,40 1
3224 1
195. 1
1-0 1
1905 1
636 1
1883 1
78. 1
622 1
500,000 1
228 1
2002 1
76. 1
10-10 1
17.50 1
10-13 1
353 1
997-935 1
1001 1
1897. 1
1919 1
1910 1
10-30 1
247 1
747. 1
392. 1
328. 1
48,426 1
4140 1
8602 1
47,323 1
11.15 1
477 1
537 1
534 1
629 1
552 1
627 1
22500 1
30-35 1
4.30 1
734 1
486 1
740 1
741 1
060 1
125000 1
.44 1
43000 1
1327 1
3,7 1
57. 1
238. 1
137. 1
5,45 1
745 1
2412. 1
134 1
089687 1
5.-6. 1
8.45 1
.2 1
490 1
2500000 1
773 1
14.55 1
14.50 1
15.45 1
1848 1
.00 1
536 1
650000 1
109. 1
029 1
030 1
031 1
001 1
157 1
159 1
166. 1
43125000 1
202 1
1944-2012 1
1900. 1
1,740 1
8414 1
4311 1
869 1
11-11 1
7310 1
3-1-8-9 1
17.00 1
1964 1
0,467 1
6149 1
22,3 1
6,78 1
1,68 1
8-557 1
1,012 1
58000 1
818-404-7327 1
818404-7327 1
430000 1
10-28 1
907. 1
308 1
309 1
78,3 1
713-499-0913 1
1805. 1
53000 1
007 1
427 1
7,9 1
17937 1
6,4 1
1546. 1
1592. 1
64. 1
125. 1
4320 1
2614 1
4258 1
2642. 1
20.00-20.30 1
143 1
8700 1
2007 1
105.5 1
70-30 1
234 1
47-48 1
48-46 1
47-46 1
9224-4930-754229 1
767 1
409 1
27-20 1
17.58 1
1,750 1
1,800 1
2.-4. 1
24,595 1
319. 1
22,556 1
16-18 1
16,524 1
13,158 1
59,501 1
00,543 1
060245821 1
69. 1
55,112 1
350,000 1
960 1
72. 1
58,125 1
10,7 1
1775. 1
52,856 1
31,699 1
30,248 1
2010 1
1978 1
1979 1
221. 1
53,168 1
30,732 1
140,000 1
4-7-6 1
1785. 1
24,426 1
22,323 1
261 1
27,5 1
27,7 1
9,8 1
75-03 1
46,589 1
44,087 1
53,510 1
476 1
51,905 1
225 1
34,632 1
1-1-0 1
450,000 1
1421. 1
1901. 1
800. 1
98. 1
31,226 1
626 1
515 1
10,5 1
1874. 1
26,184 1
42,385 1
21900 1
525 1
2128 1
3,9 1
2100 1
39,68 1
1247 1
5295 1
2,015 1
988 1
1993 1
10880 1
93. 1
9,7 1
4.0 1
483 1
640 1
86000 1
602. 1
1987 1
10-76 1
215. 1
1914. 1
22.8 1
3,510 1
876,11 1
876 1
90265 1
39,586 1
09,548 1
7603,12 1
06,148 1
52,420 1
618,127 1
625,731 1
9-11 1
44,986 1
44,454 1
39,658 1
761 1
13,759 1
09,154 1
557 1
660 1
236 1
18000 1
3050 1
316,47 1
547 1
433 1
647 1
1339 1
167 1
903 1
1998 1
