. 6997577
, 4426643
? 1939113
- 1466915
! 865393
... 630393
" 263300
: 65322
' 44187
.. 38706
) 30358
( 16899
} 16757
# 14401
* 12900
10 11174
2 10067
5 9955
[ 9793
] 9710
3 9083
♪ 8827
20 8469
\ 8084
/ 7662
30 7102
00 6924
= 6703
1 6078
4 6077
6 5944
15 5902
 5747
50 5738
% 5308
$ 4986
12 4819
 4765
{ 4632
100 4582
0 4284
7 4050
8 3850
 3804
9 3593
000 3422
40 3294
200 3158
♫ 3072
250 2775
11 2762
18 2673
25 2577
24 2494
â 2452
14 2426
™ 2410
~ 2365
16 2363
ş 2308
500 2302
17 2217
; 2122
@ 2079
13 1946
60 1796
´ 1651
23 1551
22 1545
90 1526
300 1523
19 1519
45 1504
21 1407
_ 1407
¶ 1303
80 1212
– 1089
35 1012
1000 1004
70 968
400 933
48 918
911 869
150 810
26 781
27 774
| 759
28 738
2000 718
32 714
-- 683
36 599
75 577
42 573
37 566
51 558
01 544
38 539
120 534
¤ 528
600 527
29 516
47 491
800 486
2. 469
5000 460
+ 452
31 450
34 443
1. 440
33 437
4. 423
3. 421
­ 409
99 408
3000 399
° 398
65 397
61 387
39 387
11. 383
— 368
 360
72 360
​ 360
21. 345
55 338
43 337
© 336
81 333
700 332
41 314
20. 312
§ 306
10,000 304
5. 304
52 303
180 301
44 301
46 292
95 291
2013 282
49 274
2004 272
53 271
2005 267
˝ 263
5,000 263
85 261
2012 259
12. 258
02 255
05 250
2002 250
110 248
57 244
2008 243
2010 241
2003 239
06 237
6. 235
19. 233
59 232
54 231
2007 231
2001 229
900 229
58 226
350 223
15. 221
10. 221
2009 219
2006 216
♬ 215
2011 215
98 213
64 213
03 212
18. 211
56 210
09 209
7. 206
101 205
160 202
88 200
13. 198
04 196
10.000 196
8. 194
1998 192
9. 190
16. 189
1,000 187
93 186
100,000 182
1999 180
17. 179
4000 179
67 179
86 178
08 178
1500 178
2014 176
€ 174
62 173
97 172
07 171
14. 171
130 170
140 170
550 169
1997 167
1992 166
q 165
82 164
112 163
1969 162
92 162
50,000 162
1996 161
1989 160
.... 158
1,5 157
87 156
1980 154
20,000 153
450 152
1983 151
2,000 150
2015 150
1993 148
73 148
1994 147
78 147
 146
1988 146
1982 146
69 146
77 146
80. 144
68 144
66 143
1991 143
1200 141
1985 140
63 139
30. 138
96 136
23. 135
1973 133
1995 130
1979 128
2016 128
94 127
3,000 127
125 127
2,5 126
1984 126
89 125
1280 125
1972 125
170 124
1.0 124
22. 121
25. 120
84 120
い 119
360 119
1986 119
70. 116
1990 116
1978 116
1970 116
6000 115
1968 115
91 113
な 113
79 113
1945 113
 110
た 108
1987 107
105 107
007 107
76 104
240 103
74 103
121 103
2-3 102
1975 101
1981 100
26. 100
71 99
83 99
20.000 99
27. 98
1941 98
1967 97
1976 96
24. 96
30,000 94
90. 94
1965 93
100.000 93
175 91
1944 90
て 90
1010 89
1960 89
210 88
320 88
29. 88
60. 86
28. 84
1974 84
1963 83
151 83
q. 83
50. 82
1971 82
150,300 81
 81
1950 81
2500 80
190,20 79
1800 78
190 78
1943 77
750 77
1947 77
ă 76
31. 76
230 75
342 75
50.000 74
1961 74
• 74
145 74
25,000 74
1977 73
220 73
117 72
8000 72
 72
265 72
1918 72
327 72
1900 72
1962 71
10000 71
456 71
1600 71
の 71
3-4 70
103 70
102 70
108 69
¾ 69
1958 69
4,5 69
40,000 68
1966 68
1939 68
1942 67
135 66
999 65
1952 65
^ 64
4,000 64
..... 64
7000 64
189 63
1940 63
119 63
650 63
40. 63
2-1 61
1953 60
1954 60
200,000 60
128 59
3,5 59
165 59
107 59
 58
122 58
568 58
1917 58
250,000 58
646 58
23.976 57
10-4 57
147 57
365 57
0-1 56
1948 56
270 56
1956 56
1.01 56
1964 56
1,2 56
500,000 56
1,200 55
104 55
300,000 55
589 55
688 54
1938 54
185 54
も 54
30.000 53
1,500 52
115 52
217 52
50-50 51
260 50
25.000 50
40.000 50
186 50
1920 50
137 50
666 50
15,000 49
212 49
9000 49
275 49
19-2 49
1957 49
0,0 48
5.000 48
を 48
227 48
が 48
118 48
2,500 48
1937 48
っ 48
1100 47
225 47
215 47
325 47
109 47
126 47
1400 46
280 46
133 46
168 46
1959 45
187 45
304 45
9-1-1 45
 44
1.000 44
167 44
6,000 44
206 43
1946 43
113 43
2.0 43
1929 43
1951 43
211 43
く 42
2.000 42
う 42
き 42
る 42
し 42
114 42
116 41
1300 41
183 41
815 41
2017 41
111 41
415 41
106 40
152 40
1955 40
310 40
200.000 40
60,000 40
850 40
0,0,0 40
150,000 39
430 39
1930 39
1864 39
375 39
1912 39
172 39
1860 38
138 38
720 38
950 38
401 38
7500 37
312 37
2.5 37
500.000 37
123 37
302 37
か 36
ら 36
6-7 36
で 36
300.000 36
1936 36
344 36
420 36
と 36
124 36
380 36
1,8 35
10-1 35
® 35
136 35
156 35
127 35
1914 35
195 35
...... 35
303 35
--- 34
197 34
626 34
2260 34
8,000 34
718 34
201 34
141 33
1,2,3 33
155 33
177 33
1933 33
757 32
1.5 32
238 32
214 32
3500 32
162 32
1913 32
.45 32
313 32
226 32
411 32
202 31
143 31
309 31
223 31
405 31
142 31
237 31
2258 31
1925 31
364 31
1919 31
2113 31
178 31
410 31
10-15 31
425 31
5021 31
157 31
129 30
2259 30
1895 30
235 30
れ 30
1,6 30
4-5 30
366 30
ま 30
777777 30
2300 30
780 30
90210 30
321 30
1.2 30
1928 30
7,5 30
15000 30
6-4 29
15.000 29
1700 29
207 29
287 29
1934 29
480 29
り 29
747 29
に 29
370 29
2,3 29
5-0 29
132 29
1935 29
501 29
﻿ 29
1.1 28
202.82 28
305 28
20-30 28
50000 28
10-13 28
12,000 28
1,3 28
199 28
330 28
247 28
1911 28
660 28
001 27
423 27
710 27
347 27
153 27
1949 27
314 27
251 27
182 27
.38 27
1932 27
51. 27
6,5 27
295 27
2-2 27
20000 26
299 26
5100 26
311 26
343 26
1910 26
30000 26
208 26
257 26
0-6 26
702 26
60.000 26
1408 25
356 25
250.000 25
134 25
159 25
520 25
5-6 25
203 25
285 25
216 25
1916 25
176 25
205 25
555 25
161 25
1812 25
328 25
ど 24
457 24
は 24
301 24
あ 24
640 24
317 24
18.00 24
だ 24
412 24
322 24
ん 24
318 24
316 24
245 24
174 24
146 23
315 23
357 23
見 23
100000 23
今 23
8.00 23
221 23
362 23
38. 23
255 23
219 23
0,1 23
ª 23
385 23
4800 23
75,000 23
149 23
23,976 23
680 23
158 22
395 22
409 22
514 22
1923 22
326 22
1865 22
1881 22
2-0 22
43. 22
715 22
290 22
1893 22
1915 22
1926 22
1931 22
399 22
7,000 22
428 22
188 22
3,2 22
236 22
1870 22
213 21
292 21
144 21
¨ 21
1863 21
184 21
3-5 21
400,000 21
224 21
.22 21
1,4 21
398 21
957 21
2,500,000 21
47. 21
154 21
‚ 21
9-11 21
15-20 21
80,000 21
233 21
625 21
2200 20
2261 20
192 20
1880 20
256 20
1905 20
1890 20
1922 20
42. 20
1492 20
242 20
3-0 20
407 20
4500 20
324 20
1924 20
37. 20
2,4 20
374 20
241 20
319 20
17.000 20
54. 20
670 20
333 20
6.5 19
9.00 19
2025 19
308 19
0-2 19
19.00 19
228 19
40-50 19
403 19
231 19
1927 19
460 19
ą 19
414 19
131 19
1-2 19
70,000 19
204 19
234 19
222 19
272 19
1902 19
507 19
340 19
3-2 19
179 19
え 18
406 18
1908 18
338 18
500. 18
私 18
707 18
こ 18
173 18
34. 18
218 18
389 18
36. 18
1066 18
1879 18
289 18
345 18
232 18
1.6 18
1001 18
181 18
12.000 18
35,000 18
277 18
ば 18
3287 18
421 18
わ 18
413 18
533 18
2600 18
40000 18
402 17
400.000 17
502 17
11-12 17
493 17
138.25 17
472 17
297 17
286 17
˘ 17
1790 17
2400 17
30-40 17
1.21 17
....... 17
11.9 17
1921 17
712 17
5,5 17
273 17
11.00 17
3200 17
2.50 17
14,000 17
148 17
808080 17
1776 17
3.5 17
120,000 17
307 16
198 16
0,5 16
1-0 16
139 16
800.000 16
701 16
335.58 16
1868 16
436 16
795 16
191 16
620 16
560 16
1,800 16
3,500 16
259 16
6,7 16
70.000 16
‭ 16
525 16
269.58 16
288 16
1.4 16
291 16
196 16
334 16
24.000 16
478 16
215.58 16
432 16
1904 16
867 16
3.000 16
24,000 16
13,000 16
337 16
2050 16
163 16
45,000 15
874 15
18,000 15
6.30 15
348 15
346 15
331 15
335 15
10,000,000 15
2059 15
1,7 15
427 15
714 15
271 15
404 15
5.00 15
246 15
369 15
435 15
65,000 15
10.9 15
283 15
686 15
248 15
332 15
492 15
10.00 15
3-1 15
3010 15
2030 15
440 15
1859 15
737 15
1.00 15
1-1 15
1901 15
1,80 14
512 14
âş 14
9.5 14
464 14
373 14
171 14
264 14
431 14
2036 14
6-0 14
52. 14
282 14
767 14
1888 14
3-6 14
1891 14
354 14
9,5 14
9,000 14
ŕ 14
510 14
3,2,1 14
359 14
10.30 14
584 14
169 14
15.00 14
279 14
605 14
49. 14
194 14
2,2 14
166 14
0,7 14
1887 14
229 14
1884 14
25000 14
150.000 14
580 14
907 14
386 13
3,4 13
5-1 13
455 13
10-20 13
65. 13
475 13
352 13
384 13
3942 13
7.5 13
418 13
0000,0000,0000 13
8.000 13
416 13
488 13
5-4 13
16.00 13
509 13
1.3 13
1876 13
4.5 13
503 13
452 13
429 13
390 13
341 13
1909 13
508 13
367 13
306 13
524 13
1907 13
5-10 13
610 13
309.24 13
1875 13
392 13
239 13
.357 13
487 13
770 13
4-0 13
426 13
2100 13
627 13
1878 13
704 13
465 13
812 13
6.000 13
90,000 13
358 13
784 13
48. 13
193 13
629 13
3.50 13
293 13
363 12
さ 12
18.000 12
99,9 12
1.500 12
394 12
474 12
368 12
351 12
355 12
329 12
377 12
伝 12
3300 12
535 12
254 12
何 12
708.0 12
1906 12
怖 12
20-25 12
心 12
249 12
1835 12
600,000 12
35. 12
2-5-0 12
4.0 12
675 12
1780 12
552 12
39. 12
0000 12
107,3 12
1,50 12
1.50 12
à 12
530 12
0,2 12
768 12
243 12
1883 12
0.5 12
556 12
9.2 12
1849 12
4-1 12
611 12
540 12
1861 12
4-6 12
609 12
777 12
970 12
446 12
開 12
268 12
散 12
12000 12
261 12
441 12
1814 12
そ 12
32. 12
266 12
1896 12
花 12
ょ 12
1892 12
夢 12
無 12
601 12
4-2 11
2020 11
810 11
......... 11
9.30 11
3483 11
7103 11
72. 11
244 11
458 11
1,100 11
665 11
448 11
281 11
3,50 11
298 11
276 11
7,4 11
75. 11
727 11
1830 11
29.970 11
4-15 11
622 11
753 11
267 11
1750 11
1850 11
353 11
2,7 11
1-7 11
6-2 11
995 11
274 11
21-13 11
11,00 11
11,000 11
424 11
336 11
623 11
451 11
1894 11
1-6 11
1692 11
396 11
1.8 11
10-12 11
408 11
490 11
4.000 11
421.5 11
1150 11
438 11
798 11
532 11
1862 11
8,5 11
1797 10
2-4 10
603 10
381 10
40,5 10
470 10
643 10
506 10
741 10
1,9 10
1.7 10
209 10
7.00 10
659 10
760 10
5,6,7,8 10
873 10
483 10
422 10
 10
2,000,000 10
 10
2501 10
10-85 10
840 10
820 10
4.2 10
7.62 10
818 10
002 10
2-7-0 10
379 10
2.500 10
372 10
544 10
444 10
2023 10
2,8 10
7-8 10
1869 10
515 10
1882 10
6.65 10
1903 10
16,000 10
85,000 10
11-11 10
570 10
」 10
1357 10
511 10
6-5 10
454 10
200000 10
554 10
607 10
164 10
1-5 10
80.000 10
1898 10
27,000 10
495 10
942 10
「 10
87. 10
591 10
8,7 10
522 10
669 10
17.00 10
529 10
50-60 10
5,6 10
57. 10
387 10
800,000 10
1694 10
39,5 10
4022 10
2700 10
719 10
773 9
1-800 9
.50 9
7.1 9
765 9
937 9
2,1 9
527 9
5.30 9
565 9
382 9
738 9
17,000 9
---- 9
500000 9
990 9
2-5 9
2670 9
905 9
1,1 9
5.99 9
80000 9
.308 9
504 9
60000 9
700,000 9
1024 9
467 9
1873 9
55. 9
252 9
10-30 9
6500 9
28,000 9
5500 9
1885 9
5,4 9
99.9 9
20.00 9
616 9
.44 9
12-11-2011 9
q3 9
841 9
917 9
2-6 9
397 9
3,8 9
2571 9
1250 9
3-1-5 9
2024 9
5.000.000 9
1202 9
2.09 9
1889 9
805 9
6096 9
2-1-0 9
630 9
1.9 9
602 9
5-7 9
278 9
5,25 9
10.000.000 9
1770 9
619 9
614 9
284 9
417 9
11.000 9
13.00 9
612 9
323 9
383 9
518 9
262 9
1845 9
004 9
125. 9
731 9
750,000 9
4,2 9
60-40 9
843 9
1.75 9
733 9
7,6 8
2,50 8
703 8
2262 8
10,00 8
1599 8
10-0 8
3012 8
1789 8
736 8
906 8
33. 8
1867 8
003 8
821 8
2.00 8
13.000 8
61. 8
.40 8
1886 8
8500 8
0,8 8
361 8
37,000 8
549 8
3.2 8
946 8
742 8
2018 8
754 8
900,000 8
3400 8
5933 8
2150 8
.30 8
74. 8
0.1 8
1624 8
2019 8
8.5 8
582 8
296 8
744 8
468 8
547 8
6,4 8
730 8
1897 8
2,6 8
6,50 8
1-1-2 8
1303 8
8-9 8
909 8
433 8
253 8
562 8
913 8
263 8
10-33 8
443 8
0.3 8
541 8
22.00 8
3.0 8
998 8
83. 8
864 8
2021 8
3-2-1 8
847 8
8.30 8
7.4 8
497 8
590 8
962 8
499 8
35.000 8
110. 8
90.000 8
4.99 8
¼ 8
.223 8
5200 8
78. 8
543 8
350.000 8
46. 7
0600 7
551 7
75000 7
180,000 7
639 7
1272 7
1805 7
645 7
10-55 7
4.6 7
7.9 7
849 7
13000 7
9800 7
449 7
1816 7
1-8-0 7
516 7
1313 7
1815 7
2-2-3 7
10-34 7
2-8-5 7
7.2 7
16.000 7
830 7
919 7
6-1 7
3800 7
4,6 7
011 7
463 7
339 7
571 7
1138 7
7-11 7
21051 7
127. 7
1-9-5 7
910 7
8.1 7
1505 7
912 7
10-19 7
1791 7
100. 7
1836 7
519 7
090 7
1435 7
77. 7
581 7
592 7
5-2 7
258 7
572 7
12,5 7
350,000 7
378 7
1874 7
2040 7
991 7
1108 7
009 7
447 7
1.0.0.0 7
600.000 7
537 7
........... 7
1846 7
0,9 7
010 7
4,500 7
13,5 7
804 7
550,000 7
6126 7
642 7
437 7
1620 7
11.9. 7
4.50 7
♥ 7
21,15 7
604 7
461 7
3,1 7
12657 7
 7
60659 7
724 7
18000 7
1,20 7
6,500 7
9-10 7
466 7
697 7
823 7
613 7
481 7
£ 7
471 7
1215 7
1-2-3 7
1111 7
477 7
10-7 7
53. 7
3.00 7
5.7 7
5,9 7
44. 7
930 7
86. 7
96. 7
708 7
24601 7
12,00 7
2-7 7
11,5 7
419 7
12.00 7
566 7
806 7
790 7
958 7
0800 7
794 7
599 7
残 6
200. 6
2-11 6
1471 6
376 6
思 6
10,5 6
8800 6
5,500 6
13-14 6
3,6 6
念 6
700.000 6
2,300 6
725,000 6
63. 6
ね 6
早 6
年 6
8-6 6
13.8 6
894 6
67. 6
832 6
1821 6
050 6
1386 6
732 6
広 6
521 6
561 6
想 6
928 6
822 6
3.9 6
気 6
づ 6
小 6
眠 6
払 6
弱 6
0,38 6
み 6
3600 6
振 6
居 6
872 6
5,8 6
暗 6
6.00 6
世 6
界 6
強 6
長 6
永 6
536 6
7.30 6
遠 6
1727 6
7.0 6
0,12 6
6464 6
59. 6
4100 6
1-0-7 6
644 6
0822 6
1101 6
545 6
1,350 6
641 6
655 6
1030 6
98.6 6
294 6
553 6
597 6
1,300 6
2035 6
1-4 6
70-80 6
5,000,000 6
2077 6
631 6
5314 6
593 6
6034 6
5506 6
740 6
546 6
600,000,000 6
.......... 6
225,000 6
3.4 6
860 6
2.3 6
9,00 6
3700 6
0.2 6
9.99 6
6.3 6
安 6
685 6
14,5 6
459 6
0-5 6
870 6
10-45 6
64. 6
24,030 6
485 6
8,6 6
79. 6
941 6
6-6 6
1218 6
857 6
4-3 6
722 6
160,000 6
542 6
8.0 6
505 6
3.45 6
2022 6
1527 6
819 6
1- 6
出 6
557 6
瀬 6
ち 6
不 6
ぶ 6
200-300 6
904 6
6.99 6
0.7 6
19,95 6
788 6
2.75 6
687 6
2-9-5 6
目 6
489 6
579 6
喜 6
け 6
24-7 6
15-16 6
ろ 6
自 6
9,4 6
聞 6
11.11. 6
め 6
1221 6
分 6
声 6
725 6
現 6
続 6
2800 6
0,22 6
997 6
臆 6
認 6
病 6
過 6
101. 6
5227 6
2900 6
じ 6
693 6
信 6
去 6
後 6
734 6
575 6
木 6
3.30 6
立 6
会 6
649 6
度 6
遣 6
二 6
8,50 6
足 6
9248 6
7.000 6
音 6
11000 6
656 6
735 6
45. 6
924 6
つ 6
23-19 6
よ 6
1143 6
866 6
空 6
描 6
街 6
567 6
守 6
14.000 6
269 6
58. 6
2.2 6
752 6
生 6
体 6
10.2 6
飛 6
愛 6
終 6
-23 6
日 6
595 6
19.30 6
全 6
高 6
乱 6
儚 6
782 6
8.2 6
23-30 6
29.99 6
1120 6
健 6
6.4 6
781 6
実 6
5,4,3,2,1 6
801 6
698 6
や 6
7.500 6
3-1-7 6
2- 6
響 6
す 6
映 6
690 6
逸 6
83,000 6
713 6
116. 5
1-6-0 5
68. 5
889 5
6,3 5
14.00 5
39,4 5
7258 5
1,400 5
20,00 5
21000 5
22.000 5
1832 5
1501 5
981 5
1-9 5
653 5
3-1-0 5
918 5
513 5
1.000.000 5
7.6 5
825 5
1781 5
1855 5
1038 5
8-0 5
1691 5
1829 5
150000 5
1498 5
1021 5
8.6 5
393 5
3.800 5
33.1 5
1601 5
42,000 5
852 5
442 5
1-8 5
5.5 5
2646 5
170,000 5
7.50 5
` 5
46-5 5
751 5
5.8 5
4,4 5
1840 5
699 5
6.9 5
716 5
453 5
1531 5
2.4 5
12014 5
371 5
746 5
25-30 5
82. 5
22,00 5
4-8-5 5
300. 5
23.00 5
709 5
q7 5
2047 5
705 5
538 5
654 5
9-1 5
853 5
9,8 5
1819 5
1,600 5
469 5
3.25 5
17,00 5
14,00 5
985 5
6-8 5
4885 5
1296 5
18.500 5
3105 5
4-4 5
2167 5
491 5
1075 5
† 5
4.20 5
2.1 5
846 5
9-4-6 5
¿ 5
2.000.000 5
858 5
4300 5
1715 5
861 5
758 5
486 5
886 5
2.342 5
産 5
523 5
0.01 5
829 5
827 5
7-5-3 5
1220 5
1723 5
1634 5
1612 5
12144 5
635 5
5,75 5
1-8-5 5
1050 5
1440 5
7-2-6-8 5
721 5
927 5
1224 5
1899 5
98,6 5
908 5
35,5 5
23.30 5
929 5
816 5
9-0 5
817 5
2-6-0 5
764 5
1,60 5
807 5
517 5
20,30 5
534 5
745 5
73. 5
22.10 5
8-10 5
30-30 5
ł200 5
0,45 5
349 5
0.32 5
2043 5
4600 5
856 5
127.68 5
0,07 5
792 5
3.20 5
08.00 5
1827 5
2.9 5
ł600 5
445 5
1032 5
56,000 5
813 5
5,99 5
1,87 5
1187 5
005 5
1-9-0 5
4.3 5
0,6 5
5.0 5
94.1 5
19.95 5
935 5
90.1 5
2054 5
4.8 5
21.30 5
903 5
947 5
44,000 5
934 5
3468 5
960 5
2257 5
6800 5
1-8-7 5
1848 5
484 5
1.80 5
0,4 5
3,7 5
462 5
120.000 5
3-3 5
1796 5
62547 5
22000 5
139. 5
9.11 5
2049 5
12.30 5
7.3 5
2-2-0 5
1190 5
1831 5
944 4
0,500 4
1852 4
4.90 4
300000 4
17,5 4
10-35 4
36,000 4
940 4
4126 4
9.7 4
1,900 4
6700 4
2.14 4
1.200 4
0500 4
0,05 4
1753 4
900.000 4
2-2-5 4
1003 4
0,3 4
2,30 4
1,618 4
1834 4
1.85 4
1314 4
1,250 4
2.80 4
832.0 4
812.0 4
2950 4
1133 4
83182 4
2.8 4
4.1 4
476 4
10-10 4
2207 4
793 4
3316 4
1650 4
2-8 4
81. 4
9293 4
528 4
1838 4
0024 4
673 4
615 4
 4
30185 4
10099 4
1315 4
2,20 4
1019 4
1369 4
682 4
 4
668 4
62. 4
4720 4
125,000 4
16,00 4
676 4
2518 4
33,3 4
194,5 4
965 4
678 4
945 4
1427 4
3-1-7-9 4
2,25 4
8.50 4
2-4-0 4
4602 4
7,8 4
32,000 4
785-555-0128 4
2175 4
1327 4
2029 4
10- 4
16.30 4
43,125 4
3,000,000 4
24.50 4
9.3 4
1844 4
1872 4
2675 4
17000 4
15.30 4
8,00 4
882 4
9961 4
1532 4
29.4 4
0.4 4
723 4
017 4
4200 4
8,000,000 4
3281 4
4-4-2 4
65.000 4
28.000 4
6.75 4
15,00 4
4773 4
7-1-4 4
10-11 4
1410 4
498 4
11-8-45 4
16,100 4
901 4
1742 4
1443 4
125.000 4
4.00 4
2401 4
831 4
4.15 4
14000 4
1798 4
゜ 4
10.3 4
1799 4
791 4
0620 4
2094 4
1012 4
6-5-0 4
99,4 4
772 4
46123 4
494 4
7-5 4
59970 4
4,300 4
6765 4
1206 4
4,75 4
1560 4
8.4 4
8-1 4
14-0 4
4717 4
ł500 4
94. 4
1,2,3,4 4
14,95 4
23,000 4
1775 4
2-20 4
1-12 4
2442 4
3,14 4
9,30 4
811 4
664.714 4
1245 4
260,000 4
585 4
548 4
1771 4
13-13-13 4
8848 4
2112 4
05,000 4
1787 4
75.000 4
9-7-7 4
1234 4
865 4
689 4
30-06 4
î 4
902 4
0-3-2 4
2048 4
651 4
10-06 4
1039 4
6897 4
3.500 4
1665 4
1201 4
.269 4
608 4
88. 4
7,30 4
717 4
7-4 4
920 4
006 4
6400 4
29.95 4
1623 4
434 4
14-15 4
5-3 4
914 4
5400 4
0,50 4
7,62 4
270805 4
ˇ 4
· 4
6221 4
70263 4
6181 4
4.9 4
730730 4
2-9 4
------------------------ 4
972 4
1550 4
12-13 4
5,7 4
1621 4
6,8 4
52,000 4
1456 4
4946 4
5-1-1-9-9-3 4
672 4
2445 4
2,700 4
662 4
771 4
6.1 4
2317 4
46,000 4
728 4
2271 4
775 4
1809 4
31058 4
966 4
564 4
3215 4
6.7 4
1,83 4
2027 4
879 4
838 4
2590 4
921 4
014 4
1820 4
0,01 4
2-6-5 4
6980 4
802 4
26,000 4
4331 4
¡ 4
388 4
932 4
24.100 4
8-12 4
1792 4
7-2 4
º 4
0-9-0 4
3569 4
ö3 4
574 4
85. 4
3.3 4
915 4
092 4
0-3 4
837 4
9-3 4
938 4
5145 4
5-5 4
1109 4
12.50 4
5,50 4
21,5 4
0436 4
10-36 4
2098 4
2203 4
2,00 4
7-0 4
5-8-3-9 4
7242 4
38.000 4
1002 4
4,3 4
576 4
50-21 4
10.50 4
809 4
993 4
3-1-3 4
1853 4
9900 4
868 4
1210 4
863 4
2,9 4
1602 4
1433 3
356. 3
1432 3
3210 3
160.823 3
4-18 3
015 3
........ 3
3418 3
.25 3
30-35 3
1222 3
1110 3
859 3
2370 3
1-5-9 3
1362 3
2251 3
17.99 3
1036 3
1652 3
786 3
64000 3
2.6 3
956 3
7,25 3
1948-1952 3
0-1-5 3
0-4-0 3
1847 3
2218 3
20.30 3
4,8 3
1808 3
12,50 3
888 3
0-8 3
5,3 3
10-241 3
6-02 3
776 3
0.9 3
5991 3
4,700 3
2038 3
12,000,000 3
1007 3
3.03 3
2345 3
 3
1493 3
3- 3
6350 3
495. 3
29-28 3
133. 3
989 3
4-59 3
743 3
482 3
1760 3
763 3
107.1 3
5600 3
663 3
9600 3
500-600 3
10-25 3
38,9 3
15-2 3
1235 3
1544 3
885 3
2,75 3
955 3
4.000.000 3
¢ 3
2.500.000 3
58,200 3
1,65 3
60-70 3
21922 3
1526 3
1310 3
21.000 3
16.06.2010 3
220,000 3
1717 3
3233 3
5.1 3
896 3
1-3 3
1605 3
41,5 3
0,08 3
9,6 3
31174 3
2523301 3
821-158 3
652 3
52.000 3
45.000 3
1254 3
494. 3
02,00 3
27149 3
5.4 3
ł1 3
0-0-0 3
1520 3
4507 3
862 3
0,357 3
4,200 3
7,2 3
41,2 3
473 3
1871 3
1223 3
7,500 3
4205 3
681 3
1841 3
1,99 3
4,40 3
90-60-90 3
21.10.2001 3
1987-88 3
3614 3
1804 3
2,40 3
40,100 3
3080 3
10-3 3
400000 3
899 3
4044 3
20,5 3
1630 3
3,3 3
98. 3
10-0-0 3
1175 3
5700 3
1415 3
3009 3
1135 3
1675 3
¸ 3
89. 3
0171 3
1040 3
4,7 3
25-26 3
2856 3
1712 3
56567 3
0-4 3
12.6 3
450.000 3
11.5 3
・ 3
03.00 3
35-40 3
1745 3
5-9 3
7247 3
193-782-876 3
029 3
6095 3
39,000 3
588 3
84512 3
5,30 3
6600 3
1811 3
13,2 3
1,77245 3
4.10 3
23,00 3
2144 3
2.7 3
1661 3
1858 3
5345 3
1701 3
4478 3
683 3
1,90 3
12-14 3
3.57 3
1104 3
7,1 3
1426 3
0300 3
13.30 3
12.12 3
½ 3
3.8 3
1645 3
5900 3
11.47 3
759 3
617 3
18.30 3
26000 3
55,000 3
36,6 3
1385 3
916 3
9,9 3
1,2,3,4,5 3
1.800 3
55,120 3
1142 3
060 3
2.200 3
1035 3
881 3
25.2 3
.................... 3
1.20 3
9.75 3
2240 3
91,5 3
1044 3
6,1 3
4970 3
8,8 3
8,9 3
43,000 3
0,10 3
0199 3
˛ 3
992 3
3540 3
0014 3
12.5 3
83162 3
587 3
013 3
5020 3
1839 3
8.45 3
93016 3
936 3
10.20 3
711 3
618 3
479111 3
3,400 3
1,30 3
8.95 3
2405 3
778 3
2566 3
12-15 3
1818 3
596 3
1671 3
898 3
10549 3
826 3
4,20 3
2444 3
1382 3
2100000 3
6.50 3
2.15 3
4700 3
1642 3
9,400 3
1695 3
1837 3
1191 3
1546 3
10-23 3
6030 3
657 3
667 3
9,2 3
7700 3
0.8 3
32.65 3
6.25 3
19.99 3
10.7 3
1290 3
1747 3
1690 3
1404 3
10-39 3
9500 3
90000 3
7652 3
22.11 3
4133 3
23.9 3
6,6 3
19-4 3
4.30 3
0,03 3
ł2.000 3
32384626433832795028 3
6-7-3-3 3
1260 3
260000 3
57005 3
1204 3
6.2 3
636 3
1784 3
8.9 3
2,99 3
ł41 3
1851 3
9.15 3
7.7 3
37,2 3
56. 3
3-3-0 3
2-3-4 3
84-10 3
100,000,000 3
1777 3
19,5 3
4421 3
------ 3
24.7 3
7.8 3
.8 3
1854 3
10.500 3
1487 3
ł2,000 3
887 3
7241 3
ł20,000 3
1-800-555-0199 3
5.15 3
3,40 3
2037 3
20-20 3
9.95 3
01.84,0 3
2065 3
2999 3
080 3
0,000 3
2.12 3
558 3
2306 3
1067 3
854 3
1178 3
1119 3
80-90 3
1027 3
1307 3
4232 3
27000 3
ł1,000 3
1014 3
1013 3
ł10 3
913-84-0090 3
03.84 3
689.0 3
0.0 3
99.99 3
1103 3
250. 3
140,000 3
97. 3
1194 3
4215 3
210,000 3
9461 3
5,4,3 3
40.14,0 3
332. 3
0700 3
6-10 3
3013 3
1651 3
1619 3
1107 3
682.0 3
1140 3
685.0 3
688.0 3
4118 3
691.0 3
2703 3
43000 3
07.98,0 3
08.93 3
5.3 3
2.67 3
40.5 3
2,250 3
8,30 3
3506 3
1127 3
1810 3
3412 3
62,000 3
1334 3
415-864-0256 3
0.06 3
7348 3
91. 3
878 3
1994-1997 3
650,000 3
2044 3
66. 3
978 3
3520 3
1,25 3
1203 3
21.00 3
10,6 3
.00 3
539 3
2154 3
32,5 3
1414 3
5.2 3
526 3
691 3
1188 3
07700 3
1459 3
1877 3
1390 3
1298 3
3.7 3
6,0 3
13,00 3
27677 3
3331 3
2250 3
2.99 3
38,3 3
1375 3
1828 3
1,2,3,4,5,6,7,8,9 3
1095 3
1.25 3
30-40.000 3
2.700 3
1625 3
1-6-2 3
842 3
1145 3
4,10 3
19.000 3
14.15 3
16-0 3
647-285-1989 3
28,5 3
00-5 3
766 3
1729 3
2-3-7 3
1146 3
926 3
4,003 3
12.3 3
11-10 3
5.56 3
1641 3
169-1 3
1705 3
1843 3
1476 3
1632 3
3-3-4 3
1,000,000 3
064 3
1731 3
1,002 3
2187 3
35.15 3
1824 3
1608 3
2,18 3
439 3
2133 3
329.6 3
1971-1972 3
11.11.2011 3
02212 3
0.45 3
694 3
803 3
3-6-0 3
1,001 3
1370 3
3.6 3
1367 3
3185 3
121. 3
4827 3
1402 3
969 3
17,3 3
18-20 3
1510 3
5908 3
1076 3
6-3-0-8-4-1-9-5 3
877 3
980 3
1793 3
49,000 3
880 3
8.500 3
20-16 3
48-3 3
1053 3
5040 3
12,7 3
8.8.2011 3
1460 3
2051 3
40.14 3
4878 3
3184 3
1722 3
0-8-5 3
787 3
13.5 3
3,622 3
207. 3
10-54 3
1580 3
03.40,0 3
280,000 3
ś 3
0.05 3
0-1-6-9 3
3.14 3
621 3
5250 3
594 3
3257 2
01,120 2
3,45 2
923 2
17923 2
1207 2
31-8 2
48,875 2
1193 2
2080 2
2074 2
1-0-7-6 2
586 2
6036 2
0,004 2
1622 2
8-5 2
3-8 2
2-45 2
761390 2
5.50 2
54.0 2
33,1 2
0-8-2 2
3-25-17-9 2
510.000 2
58.2 2
4490 2
580.000 2
54728 2
2493 2
10077 2
29.7.2002 2
23.12 2
22.30 2
1217 2
4,5,6 2
4817 2
16-11 2
6042 2
1507 2
01.00 2
1330 2
5,44 2
329.19 2
31.1 2
1226 2
638 2
66,7 2
2311 2
96.8 2
68000 2
31.01.2009 2
55,7418 2
04,778 2
5- 2
.12 2
04,777 2
8125 2
7800 2
06,385 2
00.00 2
1137 2
5.57 2
5-0-6-5 2
2,823 2
191-536-129 2
3-45-3 2
0.25 2
1590 2
01,433 2
1857 2
0,54 2
3613 2
573 2
38,5 2
3794 2
14,293 2
1173 2
2369 2
1124 2
32.500 2
11,622 2
5071 2
1136 2
20-40 2
130,000 2
05,477 2
08,954 2
3-80 2
07779 2
9.20 2
0-2-5 2
80,90 2
8-9-9-3-3 2
7714 2
2495 2
183,300 2
6,082 2
4499 2
0-2-2-1-3 2
6809 2
5,1 2
831-4726 2
8969 2
6005 2
------- 2
5005 2
10-32 2
7,65 2
1115 2
3,30 2
1,700 2
7.25 2
1591 2
712515 2
8.38 2
5-8-4 2
10-65 2
391-6 2
2.25 2
1172 2
18856 2
496 2
0115 2
8,500 2
9891 2
0,069 2
3.24 2
2901 2
4523 2
10.02 2
1068 2
1662 2
070 2
2-1-9-5-4 2
84,000 2
2,800 2
1105 2
295.98 2
1540 2
28,6 2
1709 2
1412 2
1,10 2
4372 2
305.88 2
3,300 2
9.50 2
3,95 2
555-2649 2
0,223 2
26.2 2
2031 2
 2
6111 2
17,544 2
5512 2
17.5 2
-------- 2
2-19-54 2
特別な君 2
1833 2
16.11984 2
260.88 2
165.2356 2
39,559 2
277.279 2
44,480 2
1.70 2
2213 2
8.7 2
ł66 2
6.42 2
2-10 2
70000 2
72.50 2
1090 2
.380 2
 2
39.6 2
021104 2
53,160 2
11.95 2
10.6 2
48,000 2
38,960 2
4311 2
05-1051 2
27,369.27 2
2069 2
1774 2
313.38 2
316.38 2
319.555 2
465.000 2
081 2
8-7 2
15-0 2
2071 2
2-1-6 2
49-10 2
16.200 2
7,63 2
47.6 2
35.2 2
6,65 2
1967-1970 2
13.39 2
12,500 2
46.56 2
2640 2
1511 2
1-10 2
895 2
32,275 2
1795 2
11.50 2
835 2
779 2
26.000 2
4413 2
40-70 2
16.15 2
9-4-3-6-8 2
1132 2
2087 2
4321 2
959 2
606 2
789 2
4-2-4 2
2201 2
2.95 2
012 2
595.000 2
1056 2
1536 2
11.45 2
12.22 2
20911 2
33,867 2
32,1 2
92196 2
52278 2
1-1-3 2
391 2
14,368 2
1,1,1 2
977 2
4.35 2
1113 2
2121 2
11.10 2
1823 2
1676 2
10-98 2
2.300 2
1.400 2
550.3 2
14,28 2
75-80 2
12.99 2
7-7-6 2
10.4 2
1782 2
91100 2
5307 2
3813 2
2000000 2
24,78 2
13.13 2
14.40 2
0,292 2
21,883 2
60-90 2
1169 2
309.255 2
1813 2
4,800 2
1,200,000 2
3814 2
23.8 2
0,25 2
6,100 2
42.50 2
1462 2
202,5 2
52.64 2
1214 2
57,322 2
195,5 2
103.7 2
0-9-5 2
3.000.000 2
1-1-8 2
8,760 2
6- 2
5287 2
3000. 2
45- 2
1070 2
2-3-2 2
29.9 2
8,3 2
953 2
4,0 2
2032 2
1714 2
4,27 2
2-18 2
.- 2
9-2 2
1450 2
41. 2
1,23 2
8,48 2
1542 2
1585 2
q13 2
1018 2
36.000 2
6822 2
23,200 2
6.0 2
0,76 2
16,25 2
4047 2
4747 2
1301 2
1285 2
19-13 2
13.10 2
20,440 2
1482 2
4279 2
3,200 2
0-07 2
180924609 2
7.19 2
8.26 2
0-3-6 2
00,000 2
0.6 2
2724 2
1276 2
98.9 2
961 2
ł30,000 2
1170 2
ł10,000 2
3,150 2
2.30 2
4-1-7 2
190,35 2
7673 2
844 2
20.10.2006 2
2199 2
785 2
0- 2
1,103 2
09.42 2
1,97 2
2.01 2
周波数 2
重畳 2
7.40 2
！ 2
022 2
33,700 2
15-4 2
1609 2
42,560 2
开草鞋店的山崎虫五郎家浴室着了火 2
草履 2
0-5-2-2 2
3-7 2
20-28 2
755 2
943 2
0-7 2
964 2
9784 2
454870 2
6880 2
893 2
1570 2
1-5-2 2
933 2
1,98 2
8-10-10 2
2-7-0-4 2
03.05.2004 2
45.747 2
4573 2
3.740 2
1806 2
1294 2
2622 2
1.11 2
87,600 2
3589-1 2
749 2
1074 2
3082 2
1958-60 2
2-1-1-0 2
11-11-11 2
4-8 2
948 2
799 2
0118 2
1420 2
22,000 2
3,20 2
669547311 2
8,7,6 2
385090551602729816745 2
4522 2
ć 2
10-52 2
0.30 2
1326 2
674 2
783 2
7428 2
925 2
10779 2
3341 2
11-13 2
1950-74 2
34.416 2
7087 2
320,000 2
10-12000 2
8600 2
3,15 2
5317 2
110984 2
15,4 2
09,010 2
242,18 2
055 2
1-2-3-4 2
7300 2
.99 2
15715 2
0,15 2
11579 2
1452 2
456855 2
12-05-2004 2
1411 2
1347 2
1324 2
15,15 2
2811 2
40.905 2
1687 2
1125 2
1349 2
6024 2
40-15 2
3900 2
1339 2
555-9720 2
323- 2
1199 2
409,000 2
3.99 2
2,4,6,8 2
1-1-4 2
0293 2
2424 2
3-12 2
2412 2
38723 2
13,360 2
01-204 2
2160 2
2599 2
1581 2
40-45 2
4738 2
4227 2
5800 2
4332 2
17.43 2
9756 2
06,000 2
1.29 2
1514 2
đ 2
1.575 2
160.000 2
3,905 2
3,904 2
6598 2
52.65 2
23,445 2
2.49 2
20,052 2
2258.42 2
5,32 2
7632 2
1,204,648 2
05,967 2
12.500 2
44,780 2
2206 2
11,12 2
3245 2
123,50 2
62000 2
499. 2
1826 2
768.04 2
1372 2
8954 2
2387 2
7.14 2
99.98 2
250000 2
------------ 2
6,75 2
2474 2
3006 2
10-42 2
331.6 2
7385 2
869 2
0.76 2
310.02 2
6,2 2
200-250 2
19.12.2012 2
1994-95 2
283.02 2
1179 2
1-16 2
21,772 2
23.95 2
3951 2
1061 2
17,772 2
1,632,000 2
16,194 2
300-400 2
6955 2
555-01 2
153. 2
5.44 2
1020 2
1425 2
1-800-968-7825 2
19-6 2
29.971 2
2230 2
ł15 2
1718 2
2026 2
324.6 2
105. 2
1783 2
046 2
0,35 2
2,74 2
2235 2
1643 2
93. 2
875 2
5381 2
2205 2
4,5,6,7 2
632 2
3-2-1-1 2
-22 2
380,000 2
35000 2
27-02-06 2
94941 2
2079 2
191194 2
69. 2
79,0710 2
8660 2
20.4.1985 2
13.50 2
............. 2
................. 2
.......................................... 2
...................... 2
................................... 2
14.99 2
883 2
13-19 2
................... 2
30-29 2
49.50 2
2540 2
22,5 2
.7 2
968 2
5-8 2
ł100 2
1743 2
2978 2
1338.332 2
994 2
21-10 2
ü 2
0-20 2
8201 2
6-3-7 2
21-12 2
2395 2
3-4-1-9-7 2
0001 2
4302-8091 2
07,000 2
8221 2
954 2
ç 2
è 2
2,997 2
-28 2
7-14 2
89.1 2
99.5 2
34000 2
7,3 2
2.0.9 2
29000 2
.90 2
8,4 2
2400000 2
1660 2
3356 2
16.99 2
13-6-7 2
41,50 2
1.15 2
1762 2
20.6.2004 2
120000 2
95,000 2
ł 2
49.99 2
18,6 2
11,6 2
1,181 2
ð 2
27,50 2
6200 2
3100 2
1049 2
28.4.1915 2
6.8 2
373-785-365 2
983 2
9945 2
7946-0893 2
700.571 2
6-3 2
676.399 2
984 2
1987-1997 2
1031 2
1636 2
578 2
30-50 2
6,1,7 2
11,3 2
2073 2
1,41 2
1225 2
43,2 2
00-9 2
600000000 2
008 2
.9 2
3-13-96 2
105,000 2
6,35 2
360,000 2
1545 2
9,95 2
13,6 2
20.8 2
1045 2
10-70 2
3507 2
2104 2
1232 2
039 2
2967 2
06-02-06 2
0-8-6-7-2-2-4-1 2
4993 2
10-97 2
1.98 2
4-4-1 2
2-0-5 2
6028 2
02,000 2
6008 2
14-1 2
1530 2
0-3-1-2 2
1533 2
0,16 2
103985368 2
10-05 2
1-3-7-9 2
56,90 2
1-4-3 2
29.04.2011 2
10-24 2
119176 2
339.14 2
20.05.2011 2
1-4-1 2
54,344 2
.06 2
1495 2
8-3-1-5 2
1111,12 2
10.8.1915 2
1479 2
0533 2
482400 2
15- 2
9.8.1915 2
3,100 2
8711 2
1767 2
1023 2
1387 2
48599 2
4005 2
1123 2
9424047 2
18.5 2
5150 2
10-18 2
10-31 2
7957 2
5,475 2
1478 2
1529 2
2-6-9 2
5305 2
4789 2
1552 2
47758 2
086-09 2
3096 2
2042 2
3896296 2
2268 2
6.57 2
126. 2
8327 2
ł300 2
1.83 2
6,01 2
1116 2
8-5-6 2
18- 2
1,063 2
135. 2
634 2
24000 2
18249 2
0930 2
57-56 2
12,20 2
5-1-7 2
1227 2
1,74 2
2,3,4,5 2
49,2 2
86.9 2
13-8-27 2
1118 2
7349 2
5-6-0 2
28.10 2
3-0-4-2-1-7 2
99,2 2
4,1 2
13.7 2
2063 2
1148 2
14,160 2
3-14 2
15,720 2
9.25 2
1444 2
12-77 2
1165 2
26,423 2
7-6 2
2247 2
12,55 2
213-555-4679 2
ř 2
20,280 2
17,880 2
647 2
051409 2
337.61 2
1866 2
50,96 2
0023 2
1230 2
÷ 2
37.480.911 2
2222 2
38.6 2
0318 2
111215 2
12,745 2
2610 2
569 2
2976 2
129.14 2
18.4 2
45-50 2
1656 2
112. 2
6.37 2
1263 2
ł800 2
1264 2
92. 2
171,155 2
11,320 2
6-8-15 2
5.10 2
5-5-5 2
7-3 2
661 2
7203 2
9-8-45 2
824,469 2
4,9 2
ł28 2
952 2
23.000 2
6126- 2
8.12.2011 2
628 2
834 2
1155 2
7-2-4 2
22,300 2
1017 2
82,000 2
31,000 2
4750 2
9-11-0-1 2
05,360 2
3.14159 2
49,230 2
01004 2
2186 2
01,268 2
2609 2
3821 2
0.22 2
3-5-5 2
7814 2
237.22 2
3154 2
0-6-1 2
0-7-6 2
18,4 2
94.9 2
434.50 2
400,400 2
78,3 2
10-20000 2
0190 2
1366 2
5027 2
8095 2
05,100 2
07,900 2
9-6-8 2
4-2-3-5 2
33888 2
4-2-6 2
7-0-2 2
19.11 2
341.09 2
4-2-1 2
1751 2
51163 2
58,893 2
39,99 2
48,520 2
7821 2
0-4-5 2
3-3-5 2
1302 2
13,348 2
1.82 2
1640 2
797 2
1583 2
03,269 2
22.33 2
090-4079-2677 2
7212 2
0-4-9 2
27,2 2
10705 2
 2
396121 2
1-3-4 2
23,75 2
6-19-82 2
2-9-3 2
6-2-9 2
37.4 2
12.03.2011 2
14,6 2
299,99 2
0900 2
36,600 2
19-20 2
303.55 2
97.5 2
975 2
4225 2
0.02 2
48,380 2
05,768 2
21.12.2012 2
2415 2
8213 2
01,702 2
1182 2
16,476 2
66,000 2
261.6 2
1537 2
58.10 2
19-21 2
42,195 2
68.000 2
10.15 2
70-30 2
10-01 2
2,07 2
79-15 2
49,95 2
5122 2
2835 2
1773 2
3-4-3 2
7-12 2
50- 2
7,40 2
3536 2
967 2
1788 2
8200 2
190000 2
0-0-1 2
138. 2
0902 2
12- 2
6000400026 2
339.75 2
142.5 2
1755 2
28.5 2
7-7 2
15-24-7 2
4,3,2,1 2
2997 2
97651 2
◇ 2
0-8-0 2
2-5-9 2
4-5-5 2
286.5 2
133.5 2
3-4-7 2
1,15 2
2231 2
8950 2
41,769 2
544.5 2
1-4-0 2
11-3 2
3,600 2
14,700 2
4,50 2
51,820 2
.5 2
4,000,000 2
01,723 2
37.000 2
24.8.2001 2
9,500 2
34.5 2
9,000,000 2
5012 2
13.6.2014 2
05,700 2
2.4. 2
28.8.2011 2
2.9.2012 2
7320 2
29.5 2
28000 2
0-9 2
57000 2
17500 2
3,700 2
15-21 2
3,64 2
4400 2
ナカマ 2
25.3 2
1.45 2
1.43 2
56927 2
225.000 2
1421 2
87645 2
27631 2
84743 2
676. 2
15.7 2
4.95 2
49,690 2
8017 2
1060 2
2,773 2
44,2 2
1589 2
850,000 2
38,6 2
3578 2
555-0155 2
8432 2
12,400 2
976 2
624 2
2270 2
q102 2
3025 2
3001 2
1,2,3,4,5,6,7 2
87,5 2
77981 2
6,9 2
451-1226 2
6.500 2
19,500 2
20460 2
2076 2
9-0-6 2
6620 2
1281 2
124.4 2
118.35 2
9703 2
1192 2
3776 2
2701 2
17,50 2
13.12 2
13.5.2004 2
3015 2
121.75 2
1392 2
39.4 2
42.000 2
1473 2
1320 2
51,000 2
5247 2
90024 2
9435 2
3,10 2
2210 2
2798 2
3120 2
± 2
1-0-0 2
097 2
848 2
83-9-12 2
4,05 2
2335 2
547.98 2
544.26 2
36,5 2
2093 2
3305103 2
00-18 2
7000000007 2
2762 2
1380 2
25696 2
334.1 2
9.000 2
1253 2
99.9999997 2
1439 2
2,60 2
9-16 2
10,12 2
1801 2
035 2
15035 2
11,240 2
6100 2
72000 2
8,25 2
56964 2
040 2
55,100 2
07700-900 2
077 2
09.06.2013 2
4329 2
5-15 2
5-50 2
25-50 2
29,9 2
2388 2
24,902 2
4702 2
5300 2
1763 2
16000 2
4015 2
1549 2
1503 2
2920 2
3217 2
10,680 2
10.191 2
9483709 2
0044 2
1525 2
12.4 2
33,8 2
450,000 2
675,000 2
884 2
39.95 2
814 2
5.4.2002 2
6.10 2
40,200 2
20.3.2004 2
41,520 2
4-4-5-6 2
11-80 2
2,653 2
00,119 2
31-35 2
4-23 2
10-37 2
3398 2
149.99 2
99. 2
118.775 2
120.9 2
1453 2
4411 2
0,34 2
0,002 2
9.12 2
134.475 2
120.950 2
2414 2
8.10 2
2114 2
1756 2
36,700 2
900957 2
1350 2
1198 2
121.6 2
10-16 2
2998 2
09,760 2
1322 2
1587 2
813. 2
16.520 2
0,14 2
....................... 2
2208 2
17.30 2
4479 2
828 2
03.40 2
7153 2
839 2
11.9.2001 2
39,020 2
996 2
0621 2
32.000 2
7070 2
2119 2
15,008 2
333.33 2
7600 2
1825 2
24256 2
17-18 2
75362 2
1098 2
35,258 2
1856 2
7400 2
2033 2
43,980 2
0.90 2
1,030 2
1209 2
9.6 2
23-56 2
05.30 2
95. 2
1802 2
6,400 2
9-8 2
13,541 2
17- 2
1229 2
6932 2
9.1 2
11,45 2
16,800 2
325000 2
1666 2
074 2
1442 2
0110 2
1720 2
64.000 2
6342 2
27.10.2010 2
336.94 2
6.45 2
1337 2
9.4 2
1-1-2-7-0 2
135.000 2
16.10.95 2
1502 2
25,5 2
9,7 2
130.000 2
42,240 2
142. 2
10-2 2
15,558 2
30-8 2
03.02.2007 2
6.11.2013 2
40,301 2
37,629 2
4796 2
24341924 2
0851 2
4025 2
9843 2
87104 2
37552 2
168,000 2
37,060 2
42.5 2
27.05 2
334.88 2
1.65 2
14.10.1066 2
1087 2
10-50 2
27.9 2
2499 2
1129 2
1-800-221-2000 2
20.10 2
0,60 2
2253 2
14,99 2
60,5 2
1157 2
0.000 2
3150 2
9420 2
11629 2
555-8989 1
196842 1
38,33 1
52,422 1
544.628 1
3731 1
1727,9 1
9512 1
231165 1
105.314 1
47.24 1
39,8 1
9034 1
5.80 1
38.886 1
10,09 1
37,830 1
0,23 1
98,1 1
53,487 1
51,462 1
q412 1
5816 1
13.03.2009 1
2068 1
49,239 1
7,549 1
9,600 1
16.89 1
130,35 1
45,265 1
1,420 1
‡ 1
---------------------------------- 1
4,021 1
88.5 1
53,445 1
87.5 1
986 1
67.20 1
4.86 1
190205 1
22.10.2004 1
4,334 1
47,647 1
2,999 1
21,878 1
14.25 1
8,75 1
329,63 1
37,959 1
18,647 1
15.50 1
2005-08-21 1
3136 1
4.80 1
4,335 1
1,440 1
50,625 1
993-1176 1
8993 1
49-6 1
664 1
12-11-68 1
1647 1
8,7,6,5,4 1
7946-0893.7946 1
1323 1
2004.07.23 1
7-9-3 1
172.409 1
04,218 1
10,442 1
80-85 1
23041962 1
8327603 1
555-0122 1
06,846 1
10.8.2004 1
29,970 1
5921-884589 1
14,21 1
33,5 1
6,00 1
49.1.1122 1
3263 1
471-18-25 1
1,435 1
8.916092 1
04,715 1
902-10 1
10.11 1
170405 1
1979. 1
39,700 1
6.95 1
1,88 1
14-10 1
1-9-0-4-0-5 1
30-0 1
893893 1
28,27,26 1
0.314 1
4-0-1 1
30,29 1
2.12.2004 1
37,200 1
2356 1
510,000 1
06,275 1
1082 1
15.000-10.000 1
33.33 1
0.0.315 1
14.2.1994 1
4,336 1
18-20.03.05 1
8123018 1
14-7 1
4,337 1
60,1534 1
51.6 1
4,997 1
17-3 1
31,600 1
1-9-0-4-0-5-2-4-3 1
38000 1
9572 1
180,190 1
2903 1
83,5 1
2304 1
3573 1
4960 1
2-9-9-7-9-2-4-5 1
2000-2500 1
5-5,6 1
0-3-1-5-4-7 1
5-8-2-9-9-7-9-2-4 1
5.968,42 1
2953 1
2880 1
9-4 1
06,509 1
4004 1
52903 1
7-9-2-4-5-8-7-9 1
2-3-4-2 1
00,510 1
13,50 1
350.0 1
09,239 1
68.3 1
0,95 1
50,100 1
15.6.2005 1
2,5-3 1
05,010 1
32,192 1
38,38 1
34,451 1
2642 1
0,04 1
`94 1
7549 1
1835-1892 1
20,920 1
10,20 1
8335107 1
4.60 1
1972-01-071 1
44,357 1
100,110 1
0-27 1
.327 1
555-5555 1
8,7,6,5 1
22.03.10 1
1-2-0-4-6-4-8 1
03.06.10 1
 1
50,000.00 1
3-192 1
1960-72 1
22,239 1
9,43 1
21,30 1
860-294-1986 1
47272 1
340,000 1
2940 1
4.40 1
120,135 1
00,315 1
2772 1
3515 1
5.250 1
2-9-9-7-9 1
90221 1
4021 1
11,35 1
85,84 1
16,31 1
29,5 1
8327602 1
10.40 1
21,16 1
8,32 1
182,000 1
1708 1
5,4,3,2 1
703.0 1
23,4-6 1
238. 1
1,75 1
18.95 1
280-380 1
10,99 1
1304 1
55,547 1
15-1 1
1.750.000 1
5q49974 1
02,915 1
40,359 1
30-32 1
0,013 1
04,187 1
7,14 1
78.7 1
76,375 1
7565 1
06,360 1
4,121 1
.365 1
010305 1
05,830 1
29-8 1
11,295 1
31.5.1999 1
43,308 1
17-0 1
 1
43,271 1
40.8 1
83.13 1
0672 1
3686 1
 1
7329 1
13,800.000 1
ł10.50 1
141,27 1
44,218 1
1940--1950 1
1,220 1
031547 1
4.70 1
08,630 1
7-5-5 1
2893 1
46,571 1
2001-2003 1
0.1936 1
23.2.2005 1
132,15 1
68,3 1
09,327 1
8963 1
9.446.130,10 1
10,100,000 1
299.43 1
31556 1
24,500 1
401-555-1125 1
1,34 1
71,40 1
07.7.1944 1
99.7 1
000. 1
16,720 1
14,270 1
27700 1
10-14 1
17.9 1
35,440 1
9.04.1940 1
5.47 1
14.1.1978 1
0,001 1
1998-2000 1
1344 1
1332 1
3.9.2011 1
02-25-95 1
38,75 1
1995-2002 1
1982-2002 1
121.5 1
400772 1
3,78 1
37,816 1
54,789 1
18.1 1
62.237 1
47.28 1
54,843 1
2-1-2 1
68.2 1
70- 1
16-40 1
645-2796 1
9.11.2011 1
18,510 1
05,800 1
49,452 1
04,680 1
8,0467 1
6870 1
5464 1
36,9 1
36,8 1
5,79 1
2.31 1
47,744 1
46,410 1
10-17 1
9999 1
950,000 1
160,934 1
129345 1
245-35 1
3011 1
538.995 1
540.78 1
540.84 1
542.025 1
542.07 1
543.105 1
543.15 1
551.745 1
551.7 1
554.94 1
554.91 1
557.535 1
539.1 1
557.505 1
559.545 1
560.805 1
560.745 1
561.27 1
561.21 1
562.005 1
561.93 1
562.23 1
562.275 1
563.145 1
563.175 1
508.875 1
560.25 1
40419 1
535.5 1
535.035 1
5768 1
218096 1
149.000 1
64.19 1
9224-4930-754229 1
742.5 1
322.5 1
943.5 1
679.5 1
298.5 1
693.825 1
690.24 1
537.495 1
685.365 1
668.475 1
657.03 1
643.155 1
628.02 1
611.775 1
596.055 1
580.62 1
567.42 1
555.105 1
548.28 1
539.805 1
539.88 1
677.955 1
510.555 1
14.13 1
71. 1
234,000 1
7,600,049 1
12.500.000 1
11-7 1
1.58 1
285.000 1
10,92 1
2,21 1
3,24 1
4,77 1
237.000 1
7,75 1
225- 1
02,423 1
0200 1
2304282755 1
250-270 1
311,6 1
0.61 1
242,882 1
209,66 1
0.58 1
0.74 1
211,75 1
60.112 1
21,1 1
59,089 1
131.511 1
41,318 1
20.3.2012 1
1999-2009 1
1996-2009 1
6.85 1
107.6 1
04,276 1
03,280 1
10-24-98 1
01-03-95 1
9904830 1
2834 1
3495 1
2589 1
5.25 1
1990-96 1
7645 1
14,853 1
12,136 1
0.15 1
67,05 1
9.1.2012 1
9-4-6-0-3-3-5 1
43,417 1
40,497 1
39,861 1
37,498 1
93,7 1
97-89 1
241,000 1
130.496 1
270-290 1
8-7-69 1
00,439 1
58,938 1
30,552 1
28,467 1
46,014 1
43,912 1
41,661 1
116,000 1
53,512 1
51,744 1
2740 1
3234 1
200-300-400 1
6,000,000 1
3751 1
00,420 1
58,610 1
51,559 1
48,290 1
178.7 1
4828 1
7847 1
2644 1
0.00000001514834 1
264,000 1
7,000,000 1
422,259 1
1183 1
12,99 1
1576 1
2711 1
23.75 1
917-555-0176 1
58-92-639-11-99 1
.338 1
1277 1
11,50 1
4355 1
14000000000 1
16.50 1
8656 1
1.350,000 1
5,6,7,8,9 1
1278340102 1
001944 1
15,58 1
1,349.99 1
34,646 1
30,341 1
38,057 1
33,048 1
58,481 1
3.60 1
25,500 1
69-69-69 1
12-2-18-0-9 1
1972-2009 1
510.795 1
513.39 1
1228 1
4037 1
5123 1
6018 1
79-81 1
105,5 1
2421 1
24.11.2011 1
32,408 1
30,405 1
24,778 1
21,472 1
19,20 1
05,112 1
6301 1
89,99 1
579.72.351.462 1
31,019 1
30,001 1
52,917 1
49,349 1
07,399 1
05,840 1
26,839 1
23,760 1
39,239 1
03,647 1
37,640 1
7,80 1
05-25-35 1
314.52 1
262.02 1
253.02 1
238.02 1
235.02 1
245.52 1
271.02 1
329.52 1
326.52 1
274.02 1
259.785 1
265.02 1
49,99 1
281.52 1
327.72 1
308.22 1
289.62 1
283.23 1
311.73 1
306.435 1
290.115 1
282.375 1
312.39 1
308.445 1
291.225 1
60621 1
304.815 1
292.02 1
05,986 1
20,599 1
05,263 1
55,846 1
51,907 1
54,955 1
52,139 1
33,246 1
27,633 1
0,00 1
69545 1
707.625 1
307.125 1
1559 1
11,693 1
˙ 1
3566 1
2682 1
499,000 1
7.48 1
16,2 1
167,2 1
3427 1
756 1
1,217 1
13-201 1
1-7-0-0-5-8-6 1
38,499 1
66211 1
02,198 1
41,785 1
40,076 1
18,880 1
18,439 1
16,080 1
34,239 1
32,320 1
0,5-0,6 1
09,559 1
05,720 1
285,63 1
321120 1
91876 1
14.10.2011 1
36,451 1
24,95 1
24.12.2011 1
9454 1
3730 1
47,100 1
43,100 1
09-10 1
0.337187 1
31-6 1
2521 1
6353 1
14,677 1
10,926 1
46-47 1
507.75 1
284.52 1
1185 1
157.5 1
159.54 1
161.73 1
163.92 1
166.125 1
168.36 1
170.64 1
172.98 1
175.29 1
177.63 1
180.12 1
182.505 1
155.445 1
185.055 1
189.975 1
192.585 1
195.195 1
197.85 1
200.34 1
203.1 1
205.725 1
208.365 1
211.02 1
213.645 1
216.345 1
219.255 1
187.395 1
221.895 1
153.51 1
149.76 1
511.875 1
505.905 1
515.415 1
506.73 1
518.955 1
504.15 1
126.585 1
126.6 1
126.93 1
127.29 1
127.695 1
128.37 1
151.635 1
129.885 1
131.79 1
132.915 1
134.055 1
135.21 1
136.68 1
138.15 1
139.605 1
141.165 1
142.68 1
144.33 1
146.055 1
147.9 1
130.68 1
1233 1
224.55 1
230.16 1
372.885 1
406.95 1
422.295 1
458.475 1
433.17 1
449.025 1
356.97 1
367.5 1
271.5 1
1181 1
1167 1
1284 1
356.52 1
1158 1
1134 1
1262 1
1265 1
1257 1
1166 1
1271 1
1154 1
1139 1
1080 1
1365 1
1389 1
1164 1
1374 1
227.445 1
342.585 1
325.335 1
232.8 1
235.56 1
238.38 1
241.08 1
243.72 1
246.36 1
248.985 1
251.61 1
254.145 1
256.5 1
258.825 1
415.38 1
332.865 1
317.865 1
315.81 1
307.86 1
295.29 1
282.735 1
260.13 1
217.5 1
152.025 1
309.225 1
1-0-1-0-1-0-5 1
311.475 1
314.82 1
319.38 1
317.73 1
3.5.48 1
29.4.32 1
16.11 1
954631 1
978214 1
0430 1
01,180 1
59,486 1
217598 1
28,500 1
25,400 1
68000000 1
6-5000 1
4.04 1
01,510 1
3,970 1
00,050 1
32463 1
1,79 1
1.590 1
7,649 1
1794 1
16.700 1
48632.4 1
68,000 1
1.042,68 1
69,99 1
285,99 1
589,99 1
14.12 1
979 1
3,457 1
2,865 1
26750 1
7,74 1
39,601 1
35,922 1
1293 1
4,73 1
67.5 1
12.2 1
3212 1
1213 1
63.000 1
555-1000 1
2,061 1
4-16 1
1052 1
15421 1
22.05.2010 1
10,9,8 1
739528 1
2,711 1
3,170 1
3,250 1
3,350 1
01,769 1
00,780 1
2,980 1
212-555-0110 1
13375 1
39.1 1
640.000 1
03,229 1
477562 1
3-2-8-8-8 1
9460549 1
8-15 1
69.000 1
5-8-0 1
69052 1
0411-10806 1
4-2-1-2 1
11.5.2003 1
4.03 1
05,399 1
22922 1
1918-19 1
1892-1948 1
07.02.1920 1
32,690 1
31,523 1
32859 1
3,88 1
03,928 1
00,592 1
5.40 1
23.59 1
9,483 1
64-64 1
0,1,2,3,5,8,13 1
7-18-6-22-7-9 1
1436 1
2110 1
255,642. 1
365,21 1
343,29 1
162.99 1
40,130 1
37,430 1
24,300 1
14,4 1
16,8 1
3-10 1
5094 1
14,73 1
11.09.01 1
1219-66215 1
15,100 1
39,900 1
37,400 1
12.333 1
24.78 1
13.22 1
473.9 1
18,823 1
110,000 1
93.8 1
2,13 1
13,8 1
1,012 1
255,50 1
245.01 1
28163 1
5221 1
29297 1
4.05 1
42311-5563-3285 1
1-800-472-0391 1
70140 1
2829 1
18-70-59 1
2917 1
51-48-7843 1
1.928 1
7136 1
2123 1
07-24 1
60-12-07-17 1
6680 1
6672 1
6671 1
65758 1
0073694 1
4-1-9-1-0 1
3.100 1
33,041 1
31,060 1
100--300 1
1406 1
95-98 1
118,9333 1
170.000 1
1,597 1
987 1
36-21-7 1
7240168 1
43,636 1
41,650 1
47,000 1
44,029 1
36,500 1
33,600 1
14,797 1
11,376 1
4,955 1
37,700 1
5-0132 1
429-555-0169 1
2,304 1
2,199 1
1,214 1
132. 1
1-800-555-1212 1
4.16 1
2.42 1
045673 1
045000 1
5620 1
555-0 1
3.76 1
500-1000 1
18,578 1
161.8 1
1985-2000 1
1970-1985 1
1735-1826 1
27.6 1
5.9 1
01,368 1
56,533 1
10,890 1
09,891 1
32,7 1
.................. 1
1737-1809 1
2301 1
035,59 1
7004 1
474-317-432 1
27-28 1
20903 1
1004 1
270-280 1
36,15,28 1
9.17 1
971 1
94,30 1
144000 1
13,14 1
1.1.2054 1
1929-1968 1
1934-1996 1
16,626 1
20,135 1
18,590 1
39,6 1
56.5 1
500000000 1
3,1415926535 1
440011 1
044 1
917-3845-368 1
3-1-9 1
2-7-5 1
1937-2008 1
11,350 1
0164 1
1922-23 1
5-0-11 1
00,243 1
57,843 1
7-40 1
7-8-9 1
1607 1
1-3-7 1
09.06.2009 1
49,90 1
4.01 1
16.06.1994 1
1985-2008 1
.29 1
.3 1
8203 1
79,60 1
39374 1
127.5 1
61727054 1
95723 1
9-5-7-2-3 1
0,21 1
8118 1
2-0-3 1
7.22 1
1.27 1
19.50 1
1.30 1
563.64 1
135000 1
2252 1
4401 1
1.7.1961 1
5751 1
2-3-0 1
-1,550 1
1,550 1
1022 1
83.3 1
199. 1
563,64 1
69793 1
20.65 1
11,99 1
48650.1 1
25.12.1066 1
16.10.1066 1
13.10.1066 1
6.10.1066 1
3.10.1066 1
28.9.1066 1
12-35 1
4674 1
2267 1
8-3-3-7-5 1
36.63 1
7110 1
107.2 1
4032 1
97.2 1
667.5 1
1.10 1
21,660 1
20,327 1
1.03 1
11007 1
21-01 1
0,48 1
5306 1
14725 1
35,150 1
25,338 1
9,1 1
39,52 1
274117 1
2.8.2017 1
32,805 1
30,025 1
78.31 1
78.13 1
1-2-2-5-7 1
48,49 1
95.000.000 1
4753 1
19.5.2011 1
2-0-1-1-4-6-0 1
03,498 1
3-4-6-1-7 1
7611053 1
3030 1
1983-2011 1
2.11.2011 1
54,6 1
52,3 1
.09 1
99,7 1
19,953 1
17,723 1
26.4.1992 1
118811 1
2561 1
11,9 1
06,532 1
2.485 1
32,036 1
77.258686 1
38.762844 1
95-47201 1
29.6479 1
4,962 1
45,60 1
1,101,564 1
89,180 1
2057 1
2236-01 1
34,4 1
7-14-90 1
7333 1
33,400 1
20,600 1
19,600 1
45,959 1
04,195 1
1342 1
10,3 1
1595 1
0,9069 1
87,7 1
7695 1
3475 1
38,675 1
28,130 1
1714-1830 1
2617 1
大地のざわめきも 1
歪みゆく空色 1
白と黒で打ち消され行く 1
手に掴んで見えたモノは 1
生み落とされたその意味を 1
妄想 1
瓦礫にまみれた明日を映す 1
世界中が闇を湛え 1
忍び込んだビジョンエラー 1
意味を持つのさ 1
なら 1
有機 1
止まる事を知らない 1
それさえ 1
転がる坂道を 1
2560 1
2,10 1
2-0-6 1
52776 1
2,37 1
658 1
56671 1
0321 1
1-7-2-2-4 1
14159 1
818-555-0147 1
ただひたすらに 1
56,540 1
振り乱したバイオグラフ 1
張りぼての景色を 1
38,8 1
312-555-0178 1
41,500 1
35,500 1
35,499 1
30,333 1
1407 1
58,800 1
54,800 1
20,900 1
00,199 1
59,400 1
飾り立てた支配 1
58,999 1
47,265 1
46,300 1
私の気持ち 1
みんなといるよ 1
と目を背けながら 1
味方だよ 1
.4. 1
それでもいい 1
光の意味は 1
カオスになる嘘の優越 1
もう迷わない 1
僕らは否定するから 1
56,800 1
53,620 1
01632960 1
15,700,000 1
15.1.2008 1
14.6.1955 1
1920-1930 1
011057 1
1969-1976 1
1942-1945 1
9-6-5 1
11500 1
1477 1
1,2,1,2,3,4,5 1
3.65 1
100-655371 1
8808 1
2363 1
4-0-9-9 1
1,215,000 1
8979 1
4545 1
3401 1
45,640 1
44,207 1
2-94 1
11,280 1
05,084 1
04,251 1
9570 1
5-64 1
23.11.1976 1
23.1.2008 1
26,283 1
350,211 1
0.079 1
01,630 1
58,900 1
556,3 1
733986816 1
1,999 1
150-180 1
257.4 1
72.01 1
49-37 1
4-9-3-7 1
1779 1
3047 1
12190 1
30480 1
4771234 1
0-24 1
48-070 1
3,251 1
43,380 1
2377 1
2082 1
1-9-8-7-7-2-4 1
14,36 1
14,866 1
07,233 1
29869617 1
09.03.2007 1
3516 1
13.09.1996 1
3095 1
692 1
11.48 1
08.65,1 1
365,25 1
691.144 1
73,000 1
2.22 1
292.666 1
163.333 1
68.4 1
99.333 1
425,000 1
2,876.95 1
5-9-2 1
845-555-8249 1
5185551218 1
518-555-1218 1
922-12-3356 1
25.74 1
5.11.2012 1
99,99 1
29,509 1
35.5 1
28,325 1
12389 1
8-11-3-2-3-2-9 1
1842 1
2-3-5 1
20,2 1
340,500 1
135.830 1
243,000 1
8.11.2012 1
2367 1
584.762 1
728.084 1
304.7 1
304.98 1
305.39 1
305.77 1
306.09 1
306.53 1
307.06 1
307.48 1
29.9.2012 1
307.91 1
308.73 1
8222 1
555-1987 1
392.6 1
4,30 1
23574 1
15.25 1
259.200.000 1
157.100.000 1
102.100.000 1
144.400.000 1
95.200.000 1
36.800.000 1
308.31 1
28.5.2013 1
24.5.2013 1
94422686 1
1485 1
1242 1
1867. 1
21,35 1
21,00 1
20,20 1
16,40 1
0-5-1-6-0-2 1
20.10.1973 1
8.89 1
.05 1
23-7 1
7-9945 1
20.05.1983 1
01,035 1
18,375 1
17,283 1
278225 1
23.05 1
221622 1
132,000 1
29.04.1971 1
11.06.2011 1
1985-1990 1
1980-1984 1
521. 1
1032642 1
567345787 1
57,668 1
3,23 1
1486 1
24.999 1
990-36-7249 1
24.10.2012 1
34.48 1
39-24-36 1
38.000.000 1
1141 1
10-51 1
14.20 1
265.03 1
10.840,00 1
7649 1
1548 1
1,219 1
1543 1
5-0-1 1
1-1-1 1
1-2-0 1
1-8-6 1
7-401 1
11.500 1
4.500 1
09,896 1
06,460 1
118.5 1
6246 1
3826 1
4327 1
86.27.17 1
927,000 1
45972 1
175. 1
304.47 1
5550 1
41,222 1
39,555 1
0.50 1
44,680 1
3-7-4 1
340.36 1
1-6-6 1
2041 1
1,2,3,4,5,6,7,8,9,10,11,12 1
340.4 1
340.43 1
1,2,3,4,5,6,7,8 1
12,567 1
52,514 1
07900024731 1
918-1392 1
340.46 1
4.11.12 1
596-776 1
17.12.2012 1
340.6 1
28.10.2012 1
340.64 1
13.35 1
4,95 1
11,75 1
.520 1
340.67 1
2366 1
340.37 1
53,670 1
11,414 1
031-728-8322 1
45-55 1
339.19 1
339.27 1
339.33 1
339.61 1
12.11.2012 1
10803 1
673-5296 1
5296 1
339.7 1
107. 1
339.78 1
125.501999 1
15.1.2012 1
339.79 1
339.84 1
339.92 1
339.94 1
340.01 1
176.000 1
11.30 1
41,875 1
36,740 1
28,307 1
26,407 1
14,283 1
340.12 1
340.2 1
2202 1
5673 1
2202.518 1
4,80 1
22.12.2012 1
305.63 1
0255 1
305.46 1
0845 1
7.05 1
305.2 1
304.89 1
304.53 1
6.12.2012 1
105.6 1
304.15 1
90-10 1
12,605 1
303.89 1
01.4.2004 1
11.9.2011 1
303.45 1
303.47 1
303.65 1
9-7-5 1
5-2-9 1
3-18 1
50.8 1
303.86 1
304.13 1
10.11.1989 1
1975-1989 1
303.68 1
305.74 1
305.84 1
306.02 1
210-555-019 1
30.12.2012 1
4224 1
340.79 1
340.93 1
06,870 1
04,079 1
-------------------2015-------------------- 1
341.05 1
7-0-2-4-2-6-3-9 1
6-3-0-8 1
4-1-5 1
170-10-54 1
36,869 1
35,671 1
5550162 1
98208 1
03.54 1
31,277 1
341.11 1
28,692 1
qqqqqqqqqqqqqqqqqqqqqqqqqqqqqqqqqqqqqqqq 1
53,048 1
51,248 1
18,99 1
301.36 1
4862681 1
0104 1
15,540 1
340.8 1
73.000 1
20206 1
0013 1
20,231 1
18,570 1
21,559 1
19,091 1
59,700 1
57,266 1
179. 1
336. 1
555-3000 1
736,647,168 1
1577 1
1939-1965 1
0,4047 1
1561 1
10.4.2004 1
2.058 1
42-20 1
117.50ł. 1
32,509 1
28,542 1
14.23 1
2131284262 1
303. 1
855 1
5-5-2000 1
70.7 1
23-10-2007 1
8400 1
2.98 1
35,3 1
58-271 1
734,830,592 1
36,155 1
32,560 1
36,596 1
33,320 1
2064 1
48,030 1
46,130 1
29.10.1998 1
6.05 1
3472 1
555-7600 1
00,863 1
57,496 1
16,540 1
14,413 1
28.60 1
1397 1
59,95 1
14,032 1
03,000 1
14,30 1
44,700 1
41,867 1
59,737 1
55,141 1
000- 1
477337 1
53,196 1
50,887 1
8-3-9-1-2 1
45,209 1
127.3 1
8996 1
64,40 1
59,2 1
01,2 1
57.4 1
500,000- 1
25.11.1997 1
ł2.50 1
30.9.1997 1
2255 1
4153 1
2995 1
1704 1
12.02.1954 1
34.50 1
02.01.1896 1
5626.5 1
1884644 1
3-2-7 1
3712 1
2-7-1 1
13,220 1
13.200 1
1877-1949 1
204,6 1
160719047 1
20,538 1
17,580 1
23,152 1
490,000 1
6088 1
17.8 1
4-2-9-6 1
2-3-1-7-6-1-6 1
555-1111 1
1.60 1
10,10 1
6372 1
3768 1
0850078674 1
22.37 1
22.35 1
56-52 1
04,226 1
8-1-6 1
09.04.2013 1
48,831 1
45,236 1
22575 1
697,8 1
11211 1
1,037 1
3026 1
5-85 1
6-50 1
26,06 1
7849909886 1
13.04.2013 1
22.2.2016 1
00- 1
1934-1935 1
166.4 1
21.03 1
6887 1
1-6-0-0-9 1
05.11.1998 1
3-10-44 1
2710 1
11,8 1
87,2 1
140-31 1
07,843 1
06,683 1
729 1
12.11.1998 1
09,000 1
6.07 1
82-83 1
15.10.1998 1
3810546 1
6.04 1
14.95 1
12,595 1
2263 1
16.04.2013 1
24.09.1998 1
6.01 1
1-1-0 1
3366 1
576,043,008 1
56,400 1
54,400- 1
1346 1
39,480 1
1,520 1
2293 1
6.02 1
01.10.1998 1
5.6 1
006,007 1
1758 1
0,4535 1
11020 1
3-47-57 1
6-12-79 1
0-1-4 1
14472 1
555-9735 1
6-0945 1
1065 1
23.28 1
22.42 1
8.55 1
8.100 1
8.600 1
9.800 1
17793 1
795-0772 1
-228 1
34,138 1
30,441 1
40,087 1
38,062 1
04,534 1
03,067 1
18,760 1
17,771 1
37,520- 1
6.06 1
16,360 1
10,480 1
50,800 1
51,440 1
12,780 1
48,720 1
13,080 1
11,080 1
33,640 1
31,640 1
12,320 1
10,560 1
18,120 1
46,240 1
44,040 1
42,960 1
28,720 1
19,480 1
22.8.1712 1
1976-77 1
15,240 1
08.10.1998 1
6.03 1
1.89 1
70-70 1
15527 1
10-100 1
4.57 1
4-0-5 1
7-1-1 1
26,640 1
46,080 1
30,794 1
12,680 1
09,120- 1
09,440 1
07,520 1
39,360 1
37,560 1
34,360 1
30,880 1
07,720 1
03,080 1
50,520 1
49,400 1
26,160 1
23,800 1
21,880 1
21,480 1
49,360 1
48,160 1
41,640 1
40,400 1
13,640 1
12,040 1
36,960 1
18,200 1
15,760 1
26,920 1
23,280 1
28,175 1
20,480 1
18,360 1
13,080- 1
21,093 1
7,000-8,000 1
010567 1
320.17 1
314.92 1
320.47 1
320.74 1
176.66 1
336.09 1
320.94 1
197.83 1
358.58 1
220.32 1
382.55 1
244.29 1
321.19 1
320.04 1
407.94 1
434.72 1
296.47 1
462.86 1
492.32 1
354.07 1
523.04 1
384.79 1
554.84 1
416.58 1
321.42 1
321.69 1
321.96 1
587.6 1
269.69 1
449.35 1
319.74 1
156.86 1
65.21 1
215.65 1
314.54 1
77.4 1
229.07 1
315.11 1
315.57 1
315.96 1
316.18 1
316.56 1
316.75 1
317.14 1
317.36 1
319.44 1
90.82 1
317.9 1
318.18 1
243.64 1
318.39 1
318.64 1
105.39 1
259.53 1
121.28 1
318.91 1
276.63 1
138.37 1
319.31 1
295.11 1
317.67 1
620.95 1
482.7 1
654.62 1
309.25 1
323.86 1
324.24 1
324.39 1
106.44 1
324.5 1
126.37 1
148.18 1
374.82 1
400.66 1
324.95 1
197.84 1
428.55 1
88.41 1
225.74 1
255.67 1
324.98 1
490.46 1
287.65 1
325.17 1
325.52 1
325.62 1
325.77 1
524.43 1
321.62 1
560.29 1
325.94 1
357.48 1
458.49 1
291.23 1
72.22 1
275.04 1
322.16 1
516.36 1
704.62 1
566.36 1
322.32 1
202.83 1
322.54 1
203.45 1
0.63 1
205.42 1
322.82 1
2.61 1
208.73 1
5.92 1
213.55 1
10.73 1
219.81 1
227.63 1
24.81 1
236.97 1
34.16 1
247.99 1
45.18 1
322.91 1
323.15 1
323.46 1
323.5 1
260.68 1
57.86 1
314.29 1
313.95 1
313.65 1
313.23 1
275.65 1
274.48 1
273.37 1
272.26 1
270.98 1
269.73 1
268.51 1
267.16 1
265.78 1
264.4 1
262.96 1
261.5 1
258.37 1
276.71 1
256.76 1
253.39 1
251.65 1
345.24 1
345.77 1
347.97 1
351.78 1
357.24 1
302.73 1
303.25 1
303.82 1
364.55 1
373.57 1
384.41 1
255.09 1
277.76 1
278.78 1
279.84 1
298.88 1
300.67 1
298.3 1
297.72 1
301.2 1
297.12 1
296.5 1
301.74 1
295.84 1
295.17 1
294.4 1
293.81 1
293.13 1
292.45 1
291.68 1
290.92 1
290.19 1
289.39 1
302.26 1
288.69 1
287.87 1
287.02 1
286.2 1
285.36 1
284.49 1
283.62 1
282.68 1
281.74 1
280.83 1
304.29 1
597.81 1
304.71 1
397.12 1
1.49 1
939 1
141.75 1
871 1
144.72 1
6.46 1
310.37 1
148.5 1
10.25 1
153.29 1
15.04 1
159.06 1
165.82 1
139.75 1
310.77 1
311.49 1
311.85 1
27.57 1
173.61 1
35.35 1
182.44 1
44.19 1
312.32 1
192.39 1
54.13 1
312.7 1
312.99 1
203.46 1
311.09 1
0.29 1
138.54 1
309.96 1
411.71 1
305.71 1
306.15 1
306.56 1
307.04 1
428.26 1
307.46 1
307.94 1
308.35 1
308.78 1
446.66 1
559 1
309.2 1
467.13 1
489.55 1
514.08 1
540.61 1
748 1
569.19 1
599.87 1
309.56 1
632.54 1
667.23 1
703.72 1
742.05 1
781.85 1
823.11 1
865.07 1
910.83 1
305.3 1
326.17 1
636.88 1
434.06 1
335.46 1
335.55 1
8288 1
q9 1
335.65 1
2507 1
1438 1
335.66 1
4912 1
335.87 1
336.1 1
9022 1
9220 1
84304 1
212-249-3576 1
08,285 1
336.16 1
336.26 1
336.31 1
336.45 1
336.43 1
336.44 1
336.59 1
2997,33 1
586935 1
336.66 1
336.83 1
586934 1
12,288 1
29328 1
335.41 1
335.25 1
26.74,0 1
333.57 1
333.66 1
333.84 1
333.95 1
37.20 1
334.14 1
37.20,0 1
67678 1
555-421-6039 1
2-1-5 1
10.12.2012 1
334.24 1
4358 1
334.36 1
9245 1
37.42 1
36009 1
1084 1
334.55 1
0047 1
0.10 1
334.68 1
334.8 1
334.92 1
17.5.2013 1
334.95 1
18.50 1
.......................................................... 1
273,000 1
27.67 1
336.99 1
00-21 1
338.24 1
0. 1
3028 1
338.38 1
4-2-3-4-4 1
338.37 1
4-4-3-1-4 1
338.41 1
1-9-8-9 1
338.53 1
10.9. 1
338.61 1
1874-1880 1
109. 1
338.71 1
5341 1
0,000001 1
23,284 1
16,084 1
338.81 1
622,000 1
11-58-73317 1
338.89 1
339.01 1
11-58-73321 1
07-66-26432 1
339.07 1
339.09 1
20.1.2012 1
106. 1
338.17 1
338.16 1
337.08 1
1667 1
1686 1
337.07 1
12.98 1
1490 1
1384 1
1275 1
337.28 1
337.48 1
64,5 1
3.85 1
86,7 1
90-60 1
337.63 1
3-2-9-1-0-1-3-8-4 1
2-2-7-1-5 1
1987-1988 1
337.71 1
4641 1
212,000 1
337.82 1
337.84 1
7401477. 1
15.850 1
2091 1
3,27 1
337.96 1
2.089 1
337.02 1
20,21 1
41.54,0 1
11.92,0 1
28,887 1
328.87 1
329.08 1
26,454 1
329.3 1
329.43 1
36500 1
329.75 1
43-3 1
50.00 1
329.89 1
15,000,000 1
330.01 1
24.10 1
330.16 1
148.17 1
330.33 1
330.52 1
3638 1
3836 1
432.5 1
00-10 1
0.08 1
330.63 1
2837 1
25-27 1
18.6.2017 1
5-0-7-1 1
3.2.1. 1
328.64 1
.300 1
328.54 1
326.4 1
326.47 1
326.62 1
676.92 1
474.11 1
227.574 1
14.56 1
2450 1
60.000.000 1
9.280.000 1
7000000 1
08453660255 1
210.8.218.42 1
326.9 1
2407 1
27.1.2012 1
4382 1
434-60-5119 1
9112012 1
21,50 1
326.99 1
327.14 1
327.34 1
327.58 1
327.74 1
327.87 1
328.04 1
328.28 1
328.44 1
5-0-5-9 1
42.58 1
330.72 1
330.79 1
193.6 1
2-0-1-2 1
332.45 1
27.28 1
25.28,0 1
05.28 1
332.58 1
332.77 1
332.84 1
傷跡のなぞり方を 1
30.48 1
28.48,0 1
27.39 1
51,710 1
332.87 1
27.35,0 1
333.14 1
333.38 1
05.48 1
05.43,0 1
05.39 1
05.36,0 1
333.51 1
59.33 1
58.38,0 1
59.76 1
59.76,0 1
11.92 1
332.93 1
147573952589676412927 1
332.32 1
20120602 1
330.93 1
331.21 1
331.35 1
331.4 1
331.45 1
25,839 1
331.59 1
331.89 1
23,400 1
56,260 1
54,970 1
45,879 1
44-077-00-90-04-88 1
212-920-6922 1
04,480 1
12,905 1
11,172 1
331.92 1
2155 1
22.06 1
85-90 1
331.98 1
7,59 1
09,281 1
07,799 1
19,220 1
332.14 1
15,111 1
0400 1
555-8699 1
6.520 1
7468 1
1685 1
2212 1
8-5-6-2-4-4-1-2 1
26.1.2015 1
5056 1
35.000.000 1
17,072 1
14,038 1
22.10.2013 1
19,15 1
5000-6000 1
1982-86 1
16,3 1
13800 1
220.000 1
136. 1
4107 1
8922 1
51,687 1
49,852 1
15.12.2014 1
04.03.1988 1
1.500.000 1
5425 1
3389 1
9007 1
17.11.1974 1
3.280.000 1
11-30-37 1
2,600 1
0,47 1
19-7 1
1092 1
07.10.2014 1
1965-1961 1
370.5 1
25-0 1
145534050 1
.311 1
.316 1
0,11 1
13,521 1
11,905 1
3012.4 1
15.4 1
12-9 1
439.333 1
16.12 1
11.2.1987 1
29.6.1985 1
0-1-9 1
1-3-0 1
9-5-9-3 1
6,5,4,1,3,0 1
0,4,9,3,8 1
6-3-6 1
7-8-1-9 1
2-0-7 1
475,000 1
555-0189 1
1941-2010 1
12.1999 1
98,9 1
35,542 1
34,609 1
7286 1
32.99 1
26-25 1
680,000 1
14.1.2015 1
46.6 1
33.6 1
0100 1
3345337 1
1-1-2-1-5 1
108.000 1
3-42 1
1.2490 1
027 1
1.78 1
90,90,90 1
2043817633 1
1704736212 1
34,80 1
48-12-19 1
123.9889 1
19,359 1
40.1326 1
........................ 1
4.1.2015 1
8.2001 1
6267 1
3410 1
98.3 1
2.8.1882 1
19.10.1989 1
699,999 1
00,447 1
58,346 1
34,958 1
32,091 1
20,728 1
17,443 1
56,474 1
55,475 1
14.01 1
22.011 1
3-67. 1
45,428 1
42,426 1
25,005 1
23,237 1
100-50-3-5-3-100-9 1
0219 1
2295 1
1807 1
12,48 1
10,32-33 1
2228637 1
3.-4. 1
‏ 1
739 1
1329 1
1328 1
1317 1
5-5-6 1
6123 1
201,5 1
1997-8 1
38.8 1
216.000 1
450-700 1
8,85 1
00,916 1
114-151 1
64-70 1
245.000 1
53.000 1
5678 1
25-100 1
13,173 1
10,873 1
18.11 1
0808 1
97748 1
3,49 1
00-07 1
2090 1
31.12.2014 1
300.09 1
18010 1
35,345 1
31,309 1
54,855 1
52,722 1
34,781 1
32,981 1
24,934 1
0,00000000003 1
24.12.2014 1
5-0139 1
58,880 1
9.4.3 1
120-130 1
892 1
3450 1
47,080 1
2190 1
09,118 1
06,886 1
22,983 1
21,417 1
46,481 1
45,048 1
02,909 1
00,075 1
37,671 1
36,538 1
17,444 1
14,210 1
q-36 1
42,541 1
40,206 1
7-8-3-6-7-5-9-1 1
452-8512 1
50,231 1
27.11 1
39,633 1
36,933 1
14.10 1
20-21 1
13.11.1960 1
1917-2014 1
43,0800 1
23.4.1915 1
51,977 1
50,476 1
09,399 1
06,898 1
27.04.2003 1
03,930 1
02,346 1
45,339 1
49,900 1
48,399 1
46,002 1
42,879 1
41,379 1
02,151 1
13,442 1
05.1.2003 1
64-63 1
240000 1
23,132 1
1.2.3.4 1
2.3.4 1
1539 1
27.28.29.30 1
46875 1
10-0-11-00 1
229458 1
9550 1
14.28 1
15-55 1
24.4 1
18,3 1
44278 1
30,842 1
00,320 1
29,475 1
1-3-5-9 1
8,36 1
12.8 1
14,3 1
5225 1
30,323 1
27,088 1
21,242 1
18,542 1
18.3 1
12.632.000 1
158-192 1
0-0-2 1
7,7 1
11.11 1
3-5-3 1
54,580 1
34,860 1
31,740 1
28-2-35 1
0,13 1
19-9 1
44,95 1
27,300 1
26,540 1
4.248.000 1
98.7 1
69,2 1
21,3 1
2438 1
34,006 1
32,673 1
61-80. 1
2237 1
0.36 1
84,20 1
1586 1
1216 1
09.03.1996 1
02,104 1
59,937 1
40-10 1
4620 1
15,676 1
6,70 1
47,989 1
46,623 1
19,65 1
973 1
1-3-3-2 1
27,941 1
26,275 1
67,6 1
443,7 1
24,2 1
07,370 1
05,821- 1
57930 1
1677 1
17,977 1
3071 1
15-4-1972 1
47.4 1
40.50 1
172.000 1
56,777 1
55,621 1
55,377 1
53,521 1
1,2.3 1
37166 1
0702-200 1
4710 1
3144 1
9669 1
4135 1
4011 1
4422 1
3182 1
8247 1
38,840 1
36,640 1
25.11 1
6,200 1
11- 1
47,927 1
1,2,1,2,3,4 1
1-2-700 1
25-5 1
15-5 1
90026 1
20.12.2012 1
50.4 1
18.12.2012 1
05.05.2014 1
99871 1
273,1555 1
09,689 1
08,199 1
42,772 1
40,338 1
49,879 1
48,359 1
53,573 1
51,613 1
53,685 1
49,764 1
14,139 1
724,086,784 1
10,620 1
1.59 1
733,919,232 1
3-2-7-4-0-1-5 1
1.550 1
2002-05-27 1
2095 1
10600 1
047 1
212-555-0125 1
201-555-0199 1
19.4.1995 1
24.12.2002 1
2.2. 1
4363 1
5.84 1
5556792 1
5556749 1
38-62-38 1
4-2-4-7-4 1
5-0-2-0-7 1
1654 1
1102 1
15,700 1
14,301 1
53478 1
52,001 1
1310,5 1
25,081 1
23,914 1
19,985 1
17,117 1
15,432 1
10,971 1
140.000 1
145.600 1
3216 1
14803 1
158000 1
ê 1
æ 1
10-57 1
20.10.2007 1
q-40 1
297034986 1
7,95 1
5556750 1
9.11.2014 1
14005 1
46.3 1
1,51 1
18-5 1
01.09.64 1
9-3-1-9 1
31-2 1
2233 1
4,26 1
23,4 1
28,600 1
17.5.2014 1
5840 1
4854 1
25.4. 1
3821. 1
18-6 1
13932 1
5366286 1
1,000. 1
8-9-4 1
221-12 1
526,403,012 1
2010-2012 1
01.08.13 1
2-4-9 1
1356 1
82000 1
0169 1
02,898 1
00,098 1
7.11. 1
4.5.2014 1
33,051 1
34,767 1
11-71 1
79,000 1
377-31-8622 1
4292 1
11.11.2014 1
21.10 1
03.46.02 1
50.39.37 1
2.6.2014 1
11.05.2014 1
22,596 1
14,996 1
49,488 1
47,787 1
15,405 1
14,106 1
22,440 1
49,663 1
48,397 1
23,839 1
08,439 1
07,173 1
22,646 1
20,911 1
07,666 1
36,034 1
34,735 1
20,286 1
18,886 1
58,523 1
q5 1
28,197 1
23,959 1
04,703 1
17,635 1
14,166 1
15,880 1
13,145 1
45,116 1
41,563 1
30,485 1
28,517 1
15,754 1
13,586 1
07,794 1
25,401 1
07,227 1
23,717 1
8350 1
33,7 1
1975-78 1
010418664 1
3478901 1
9116 1
28.12.2014 1
7012 1
09,873 1
08,739 1
4.565 1
32.5 1
1.50.1 1
1822 1
46,833 1
48,850 1
69,13 1
20,488 1
08,011 1
05,108 1
38,930 1
37,594 1
7143457 1
23,738 1
21,839 1
0,53 1
109-113 1
117000 1
18554 1
37-20 1
9300 1
49,086 1
47,387 1
3.82 1
.57 1
6,300 1
375. 1
103,1 1
2034 1
34-14 1
323. 1
3,75 1
3.75 1
8.1.2015 1
1,37 1
119-7 1
27,461 1
17.07 1
4-6800 1
1268 1
4822 1
38,301 1
36,647 1
101-4 1
3892 1
3890 1
3117 1
4802 1
77.3333 1
25.0667 1
2,990 1
7090 1
7439 1
10-94 1
4365 1
653.4 1
9.9 1
5.20 1
74.263 1
10-13- 1
38.235 1
2,38 1
32.50 1
24-21 1
5-35 1
36,845 1
16,583 1
4420 1
653.2 1
4,99 1
8.2.2016 1
1358 1
0-6-0-6 1
6-0-6 1
0-6-6 1
8.09 1
80211 1
10-47 1
206-397 1
245,000 1
117. 1
21.10.93 1
11-6-914 1
22.9.2014 1
13.4.1986 1
11.12.2005 1
12.3.2016 1
29.3. 1
1.3. 1
619-646 1
68,12 1
ł900 1
ł420,000 1
1-1-7-4-7 1
4.6.2013 1
26.3 1
191.5 1
2-6-7-6-5 1
0,380 1
1980-1988 1
10.75 1
5960 1
1-9-2-9 1
.249 1
0,20 1
05,535 1
02,501 1
21,364 1
17,963 1
19,109 1
17,476 1
04,165 1
20.04.99 1
02,999 1
59,155 1
57,726 1
55,726 1
52,712 1
3.7.1995 1
50,412 1
25,360 1
54,027 1
51,926 1
10-76 1
11-5 1
09.41,1 1
32.78 1
32.77,1 1
49.65 1
49.64,1 1
27.54 1
27.53,1 1
37.85 1
28,361 1
35,096 1
38,368 1
29,000 1
.432 1
37.5 1
38.7 1
39,7643 1
15,77 1
745.000 1
7-3-5 1
090012 1
9.9.2013 1
6980222 1
25.8.2013 1
11.62 1
15.4.2016 1
5-27 1
17,418 1
25.9.2013 1
16,126 1
10,084 1
08,418 1
9.4.2016 1
42,588 1
39,460 1
19,776 1
18,399 1
47,300 1
44,631 1
48,971 1
46,051 1
12.51 1
73,22 1
37.79,0 1
1-2-9-9 1
3421 1
23,988 1
20,552 1
55,533 1
51,870 1
47,692 1
45,497 1
01,416 1
52,201 1
18.02.2013 1
48,640 1
16,818 1
14,520 1
24,407 1
08,460 1
44-45 1
25,665 1
22,468 1
1491 1
20,148 1
18,237 1
39-40 1
7.700 1
466-952 1
09.00 1
343,37 1
19.11.1863 1
555-9290 1
.450 1
23,042 1
11,327 1
21,666 1
24,226 1
36,4 1
3-15 1
249.000 1
35,880 1
3-91 1
4-9-2 1
6,7,8,9 1
95127600 1
9175 1
40,320 1
2127 1
1.10.1975 1
67.500 1
45,559 1
710-49 1
1562 1
22.01.2013 1
2402 1
2403 1
28,95 1
2006-2007 1
5288 1
1,250,000 1
1761 1
3âş 1
2âş 1
11-0 1
26,561 1
23,125 1
28,087 1
7447 1
24,219 1
21,679 1
2514 1
45000 1
114.000 1
9.3.2016 1
3223 1
32,3 1
7-19 1
0.290 1
76.40 1
.403 1
.412 1
2.92 1
53,120 1
42228 1
50,020 1
62.000 1
3939 1
41.80 1
23.60 1
8009 1
29-11141 1
7003 1
5708 1
2,590 1
24.7.1971 1
3715 1
0328 1
18,50 1
10.45 1
.479 1
14.680 1
21816 1
19,154 1
31.000 1
7488 1
646-555-4325 1
51166 1
15586 1
15568 1
38243 1
7267 1
2619 1
2691 1
555-3464 1
14,605 1
48,869 1
46,451 1
65.14 1
41.20 1
10-99 1
103. 1
16,638 1
с 1
α 1
1086 1
10-91 1
1,460,000 1
χ 1
οκ 1
ι 1
1304,1303 1
1523 1
30.10.2002 1
51.28 1
47.58 1
18.2.2013 1
21.1.2013 1
24.10.2001 1
22-12 1
28-10 1
04,284 1
01,583 1
52,406 1
50,072 1
20,683 1
17,949 1
58,595 1
56,762 1
2263,2 1
45,488 1
213-555-9255 1
8-8 1
20000000 1
1395 1
5901 1
6-2-201 1
9.900 1
42,221 1
37,651 1
28,741 1
25,806 1
25,772 1
24,371 1
44,056 1
30,478 1
966. 1
2230,06 1
1598 1
16,549 1
14,616 1
58,925 1
55,891 1
14208 1
17.40 1
21.25 1
18.40 1
6.20 1
0.00 1
61867 1
5661 1
7-8000 1
1015 1
29.2.2016 1
2816 1
37,911 1
35,408 1
49,898 1
48,497 1
3-2-3-6-4 1
38.87 1
70.50 1
0487 1
51,011 1
57,7 1
27,748 1
2263,02 1
54,2 1
54,716 1
188,3 1
183,0 1
821-1 1
.07 1
3277 1
3546 1
47-52-0-6 1
050980 1
100174 1
3.550.000 1
648 1
5539 1
52,445 1
4.18 1
51,179 1
qq 1
2130 1
8,700 1
-----------------90------------------ 1
4,2,1,0 1
5.4.2016 1
19,8 1
23.000.000 1
30000000 1
10000000 1
310-369-4950 1
6719 1
7438 1
3-2-0-5 1
013-00-6062 1
2802 1
5103 1
16500 1
8,40 1
21-0-4-6-3-8 1
194,9 1
► 1
231,4 1
12185 1
74,50 1
1.100.000 1
0.0833 1
3,35 1
3,97 1
9048 1
8322 1
0.75 1
162. 1
24.12 1
9-15 1
60,80,100 1
12,460 1
07,800 1
57,360 1
52,840 1
07700-900-329 1
q1 1
3,79 1
07700-900-825 1
0800-055-6888 1
8,27 1
8,49 1
4,25 1
235,9 1
51.23,0 1
57,383 1
09,262 1
393462371733 1
834024112 1
15,5 1
18,0 1
12-0 1
11-1 1
12.7 1
8,200 1
587332 1
0.0003 1
60,70 1
20.4.2016 1
161. 1
5-4-7 1
18,30 1
0-0-9 1
6.3.2016 1
1308 1
1-900-555-7618 1
2,26 1
31.3.2016 1
13,994 1
11,644 1
18,782 1
15,814 1
48,814 1
46,052 1
1629 1
8.02016 1
22,9 1
71,5 1
ŕŕŕ 1
45.57,0 1
19.41 1
19.35,0 1
時間にキスを 1
感情にハイタッチして 1
19.05.2010 1
未開拓の 1
全生命も未到 1
いつか行こう 1
46.74 1
46.68,0 1
4,37 1
25- 1
5977 1
7.80 1
5986 1
5971 1
5970 1
2.4.2016 1
15.057 1
0,085 1
3465 1
47,661 1
46,362 1
49,472 1
47,438 1
134,565 1
325774 1
22- 1
2166 1
07,195 1
37.89 1
35,914 1
1990-2016 1
27.2.2016 1
5598 1
084 1
12,2 1
22,56 1
24-48 1
142,95 1
3092 1
4819 1
3.999 1
28.64 1
25.6 1
2249 1
37346 1
117-616 1
4,287 1
21.625 1
28.45 1
247,82 1
3-8-8-5 1
3810 1
3165 1
0.0214 1
95.3 1
9.6.2016 1
25,799 1
23,899 1
9-3-2-4 1
21510 1
21015 1
3114 1
62475 1
34697721 1
21.50 1
22.10.2014 1
18.4.2016 1
1693 1
6-9-9 1
10-79 1
23.3.2016 1
10231 1
23.6.2016 1
98.1 1
13.4.2016 1
3.600 1
3-0-4 1
11,43 1
4245 1
4230 1
48.99 1
6-2-0-5 1
5218 1
4330 1
8.51 1
18-19 1
14.3.2016 1
922 1
5090 1
26.12.2016 1
2248 1
3221 1
18,383 1
19.76,0 1
21.10.2011 1
43,981 1
36,495 1
34,462 1
1954-1993 1
1551 1
10-16715 1
17.12.1903 1
00-01 1
23,746 1
22,704 1
92,7 1
26,680 1
24,860 1
47.3 1
37.243 1
237,000 1
23.17.46.11 1
91.6 1
53,530 1
50,320 1
50,507 1
49,005 1
14,638 1
13,637 1
48,532 1
46,031 1
49,722 1
45,716 1
39,337 1
40,704 1
699. 1
633 1
08,591 1
06,691 1
173. 1
30,356 1
29,207 1
020 1
075 1
10.10. 1
25.7 1
389.257 1
328.228 1
3246 1
48,470 1
22,893 1
18,916 1
17,250 1
------------------- 1
----------- 1
1-7-9-0-1 1
1-8-7-5-0 1
2-0-0-6-9 1
9-0-2-1-1 1
6-8-2-9-0 1
46664 1
31159 1
0.238 1
49.881 1
19,859 1
10-21 1
19.11.2013 1
5210 1
123.127860 1
44.053051 1
56,214 1
54,713 1
02,807 1
00,007 1
16,114 1
14,180 1
29,286 1
25,951 1
4670 1
80116 1
24,756 1
6518 1
27,553 1
96,6 1
30.04 1
14,2 1
9.27 1
16.10 1
9-2-5 1
1.31 1
1051 1
10-26 1
10-71 1
50,723 1
49,723 1
20,238 1
25,620 1
05,622 1
9522 1
70,562 1
17.11.2013 1
29.7 1
0.23 1
3151 1
90265 1
84-93 1
0.24 1
22.50 1
21.11.2013 1
314ş 1
20.000.000 1
14,779 1
12,342 1
144,579,651 1
13.11.2013 1
18,460 1
1394 1
9-5-0-3-0 1
488,000 1
998,000 1
19.3 1
60528 1
40,240 1
36,840 1
2,015 1
3,510 1
26.3.2013 1
281,477 1
20,660 1
17,271 1
07,890 1
18,539 1
07,324 1
192-168 1
23.11.2013 1
2013-1354 1
247000000 1
10-81 1
3650 1
1.24 1
44,610 1
43,109 1
36,773 1
34,372 1
1484 1
56,277 1
53,876 1
55,055 1
52,254 1
59,189 1
57,106 1
56,491 1
53,874 1
29,631 1
26,913 1
48,757 1
47,207 1
51,122 1
47,237 1
11,211 1
0-0-1-7 1
4-6-2-3 1
59715 1
32,021 1
30,960 1
1.66 1
55,470 1
54,470 1
1.08 1
9-17.00 1
41,594 1
38,976 1
56,653 1
55,386 1
14,347 1
12,880 1
38,388 1
33,692 1
1006 1
21,555 1
16,999 1
17,388 1
15,552 1
93-95 1
09,120 1
07,080 1
22,730 1
19,400 1
43,260 1
38,120 1
15.18 1
30,204 1
35,921 1
1.900 1
0-3-0 1
2,58 1
1989-1994 1
41.14 1
2767 1
14,23 1
30,999 1
27,239 1
21.12 1
1-900 1
44,646 1
42,778 1
6,72 1
3.11.2013 1
00-04 1
802.11 1
1.07 1
1673 1
305000000 1
00-05 1
2742 1
52,452 1
49,366 1
1114 1
07,718 1
25.11.2013 1
5101 1
25.000,00 1
2650 1
2523-2524 1
16,854 1
53,000 1
.17 1
6160 1
7211 1
1212 1
24,108 1
21,439 1
26.1 1
08,265 1
05,631 1
17.3 1
5184 1
6-2-7 1
4,076 1
48,213 1
14.8 1
46,079 1
0.92 1
2145 1
14.14 1
23,070 1
20,819 1
1806149636 1
824 1
981197 1
07957-452 1
1300557 1
2,223,000 1
.243 1
.204 1
0,92 1
6701 1
6020 1
01,959 1
12,609 1
7-4-6-3 1
6-6-8-9 1
8-8-2-8-4-5-7-7 1
7-8-7-0 1
4-4-3-1 1
6-9-0-1 1
0-7-3 1
7-5-7-5 1
7-4-4 1
7-3-4-1 1
0-7-7-4 1
4-3-1-9 1
4-9-3-1 1
7-3-4-7 1
18,10.2013 1
22.11.2013 1
12.10.2013 1
27.11.2013 1
031-0243 1
02-0340-2921 1
44,154 1
43,054 1
23-12 1
80295 1
10-500-92-95-00 1
43.000 1
14,743 1
16,630 1
18,431 1
46,911 1
7932 1
3606 1
5.3.2005 1
19.9.1960 1
5q 1
540333 1
85,28 1
37,28 1
2909 1
23,038 1
22,038 1
07,421 1
05,620 1
17.12 1
38,732 1
58,137 1
56,536 1
1-10-5-6 1
9.56 1
68,6 1
458,4 1
270,3 1
0,18 1
6045 1
2,345.4 1
59,677 1
58,278 1
49,246 1
36,965 1
37,7 1
00,00 1
16.3.2014 1
92.1 1
36.8 1
17.6 1
1.2.1926 1
7.5.2011 1
22.4.1982 1
39,111 1
35,610 1
02,870 1
00,920 1
2939 1
4042 1
44,17 1
3.12.2014 1
8740 1
23.4.2017 1
61492 1
2219 1
20-50 1
337.4 1
24.26 1
1.24.16 1
32,400 1
26291 1
12-8 1
96-60 1
23.04 1
1.54 1
8090 1
9224 1
74,5 1
64762 1
16,197 1
14,647 1
6000-7000 1
26,448 1
24,997 1
9,900 1
6120 1
0.00001 1
3,108 1
115,700 1
82,145 1
9,99 1
2557 1
1.11.1971 1
32,429 1
22.8.2013 1
26,056 1
24,322 1
10.11.2013 1
850.000 1
784651 1
0.0001 1
99.9999 1
8700 1
00,670 1
58,787 1
24.09 1
3350 1
28,030 1
03,626 1
8721 1
2908 1
25,788 1
55,471 1
52,636 1
20,086 1
19,086 1
19,085 1
17,434 1
11,378 1
31,105 1
28,187 1
07,639 1
03,436 1
55,860 1
53,926 1
39,327 1
37,109 1
08,580 1
06,996 1
34,095 1
32,378 1
43,526 1
40,490 1
31,181 1
28,145 1
57,604 1
54,052 1
54,051 1
27,406 1
29,326 1
31,576 1
14,588 1
25,121 1
22,987 1
44,437 1
42,353 1
32,642 1
29,307 1
09,070 1
09,069 1
04,181 1
35,819 1
33,334 1
33,333 1
30,815 1
51,549 1
30,814 1
22,354 1
19,320 1
00,741 1
58,239 1
55,519 1
52,933 1
50,763 1
48,062 1
56,993 1
54,866 1
54,865 1
53,615 1
20,041 1
28,612 1
33,080 1
30,328 1
16,179 1
02,883 1
02,882 1
00,864 1
54,663 1
53,263 1
51,734 1
48,598 1
03,931 1
00,845 1
05,206 1
03,821 1
55,662 1
53,211 1
05,951 1
35,799 1
42,246 1
38,793 1
50,801 1
58,916 1
55,463 1
09,332 1
08,066 1
17,555 1
15,921 1
02,073 1
00,438 1
06,634 1
04,255 1
33,298 1
2847 1
56,346 1
57,513 1
14,712 1
47,350 1
44,566 1
38,775 1
36,641 1
27,330 1
24,762 1
00,520 1
57,401 1
36,663 1
32,210 1
18,028 1
14,442 1
57,512 1
27,711 1
25,315 1
23,365 1
14,137 1
12,237 1
10,507 1
08,506 1
49,341 1
47,307 1
47,306 1
42,952 1
28,894 1
27,259 1
00,733 1
24,208 1
922-63 1
7637 1
4.25 1
16,08 1
9.03 1
17.20 1
1688 1
4516 1
16154131 1
12005 1
15,828 1
733452288 1
555-0183 1
546-162-43 1
64.89 1
1.81 1
10.800 1
7-80 1
1147 1
8,47 1
16-17 1
1905-1943 1
422. 1
75.40 1
7.28 1
182702 1
101,102 1
99,100 1
44444 1
............ 1
85.1 1
3-19-87 1
3-19-89 1
5.88 1
93,1 1
90-30 1
2106 1
37,4 1
30.00 1
30.00,1 1
52.98 1
52.98,1 1
09.42,1 1
46.84 1
46.84,1 1
54.77 1
54.72,0 1
44.444 1
08.06 1
03.81 1
01.81,0 1
34.77 1
34.72,0 1
02.02 1
01.97,0 1
2323 1
12-02 1
2045 1
2.4.870 1
02.4.875 1
70.5.872 1
77.4.872 1
08.02,0 1
12-8-6-4-2 1
01,800 1
11,700 1
6.11.2005 1
3-2-2 1
14.05.1979 1
5,500. 1
0.09 1
3224 1
9375 1
1724 1
734,117,888 1
0-4-6 1
0.35 1
41,1 1
236-399-343 1
2-2,7-9 1
07.08.2010 1
298. 1
4,3,2 1
3-0-5 1
--07-10-2005--- 1
0942113457 1
3-94 1
5203 1
1730 1
0.34 1
80ł 1
6627 1
5599 1
0,303 1
34-25-35 1
015-22632416 1
6121 1
1-1,5 1
08,800 1
1184 1
9650 1
34,5 1
0512 1
65000 1
99-1 1
60- 1
1,09 1
9,32 1
20,55 1
09,30 1
1-2-3-4-5-6-7 1
3.2.2006 1
4,302 1
ł365 1
7,13 1
065 1
1,1,1,1,1 1
215,9 1
5.75 1
09-2005 1
24,788 1
22,160 1
2046 1
3200486 1
52,974 1
50,540 1
4,301 1
6.11.1975 1
98101 1
5723 1
24-12 1
12.10.1998 1
294-367 1
732,956,672 1
732,737,536 1
19.-20. 1
04031965 1
35-46-2 1
7701 1
637.50 1
2-13 1
3-2-3 1
2-9-0 1
22,995,000 1
6162468 1
37509 1
46990384 1
0-1-14 1
30.06 1
12.1.1968 1
3.94 1
72,519 1
482,82 1
95,8 1
9.36 1
18,250 1
737-300 1
431974 1
1-7-1-5 1
9-0-4 1
47,2 1
96q415 1
41.83 1
01,759 1
275,000 1
20.35 1
5,06 1
5,02 1
4,78 1
10948 1
67000 1
5326 1
30.03.2013 1
53872 1
0-0 1
5,66 1
30,30,30 1
72.5 1
`29 1
23.10.2009 1
365,000 1
115,000 1
729,106,432 1
1.100 1
13,280 1
10,550 1
7,90 1
1,03 1
1939. 1
1489 1
71,000 1
1956-2001 1
00,788 1
4144 1
24,200 1
22,900 1
01,300 1
00,015 1
58,25 1
.222 1
1-3-1 1
11.09.2001 1
2000-2001 1
1963-1975 1
01,359 1
59,198 1
4927 1
59,040 1
02073 1
15837 1
9-0-3-4-7-2-5-6-8 1
101,1 1
19-1 1
405. 1
12-3 1
138,024 1
44100 1
23,9760 1
698,98 1
8249 1
8245 1
55,548 1
15,33 1
90255047 1
420.20 1
57,915 1
11,364 1
07,367 1
1949-1966 1
1943-45 1
8,95 1
3.10.2005 1
20.10.2004 1
6632 1
677 1
q4 1
10-15-41 1
5-1-5 1
1.12.1990 1
136890 1
679 1
88,50 1
6435 1
495.000 1
184.300 1
17,60 1
3113 1
14.8.2003 1
12,010 1
5086 1
5080 1
3680 1
406-9 1
3774 1
1,86 1
9-25 1
225,195 1
27,5 1
2343,20 1
8-0-0 1
1.155 1
4-8-7 1
67,422 1
21,99 1
20-1 1
5.07 1
38.9 1
39.- 1
12.10.2011 1
12,84 1
26.03 1
35-36 1
99.8 1
1,226 1
54-23 1
31,370 1
29,436 1
57,005 1
55,272 1
35.829 1
180.000 1
¬ 1
54-1 1
8850 1
537,35 1
50-75 1
21,800 1
8.11.2013 1
555-0136 1
97,4 1
98,4 1
13,7 1
7-3-8-7-2 1
73.9776 1
40.7787 1
16,303 1
14,600 1
5.53 1
9.72 1
8.76 1
3.62 1
3867 1
1765 1
10-6 1
40-4-3 1
1.09 1
561,5 1
15,400 1
14,220 1
4,54 1
187,5 1
15,520 1
12,440 1
43,280 1
38,600 1
8.14 1
14267 1
3724 1
15.5.2017 1
9870541084 1
17.4.1865 1
13.4.1865 1
20.10.2013 1
20,30,40,50 1
93,94,95 1
17,30 1
6067 1
22,457 1
20,589 1
53,3 1
14.5 1
4556 1
1637 1
14.5.1865 1
11601 1
41,764 1
07,466 1
06,283 1
585.000 1
575.000 1
425.000 1
0-2-2-3 1
1610 1
3464 1
1919. 1
49,540 1
47,590 1
202-555 1
43,180 1
37,804 1
15.5.1865 1
1535 1
3275 1
90-89 1
92-91 1
012510059 1
00,986 1
59,186 1
12.11 1
59,091 1
57,090 1
04,637 1
01,301 1
10,549 1
07,881 1
16.5.1865 1
23,683 1
04,057 1
02,390 1
q-3 1
1-7-12-33 1
62.8 1
5,000- 1
2221 1
7,62-54 1
2.999 1
7469282 1
1240 1
130-140 1
9-6-1-1-5 1
22,168 1
41,004 1
0342087 1
1055 1
10,311 1
06,837 1
3,440.64 1
2005-07-07 1
5003 1
21.9.1977 1
15-03-06 1
5.6.1 1
407. 1
1336 1
5004 1
28,129 1
27,140 1
55,575 1
34,342 1
01,158 1
55,783 1
29,155 1
26,817 1
7,11 1
4,85 1
1979-1983 1
1278 1
450. 1
17.50 1
27-4 1
6-1-0 1
5-3-1 1
30,908 1
1000003 1
56,245 1
50,447 1
016-226-3788 1
405-3788 1
010-234-4738 1
850514-1064521 1
42195 1
0.98 1
1.32 1
1942-2005 1
49452 1
14,800 1
040878 1
555-97 1
4338 1
00. 1
43352 1
1519 1
636-1 1
57.08 1
172.72 1
61.53 1
111.186 1
38.34 1
51,458 1
49,913 1
07,811 1
35,154 1
32,506 1
53,279 1
22.12.2002 1
34.85 1
164. 1
800-555-0199 1
931.5 1
283.5 1
32,980 1
30,040 1
17,760 1
14,820 1
54,120 1
50,780 1
47,460 1
46,015 1
20,140 1
15,670 1
53,535 1
836 1
51,970 1
25,700 1
14,510 1
13,300 1
684 1
09,605 1
57,515 1
56,730 1
46,810 1
44,950 1
44,500 1
42,750 1
16,010 1
14,780 1
27,030 1
1655 1
42.75 1
00,746 1
38,505 1
37,339 1
74.58 1
47,345 1
07,291 1
02,875 1
19.4 1
25.10.2013 1
1,375 1
39265 1
3707 1
45,792 1
44,208 1
830.25 1
12,824 1
2,223 1
24,01 1
48.3 1
99821 1
94.3 1
21,747 1
51,717 1
50,044 1
2555 1
40,466 1
38,122 1
1,76 1
01,793 1
11,288 1
202-555-0164 1
19,99 1
34,661 1
08,661 1
06,227 1
55,148 1
53,214 1
03,554 1
00,562 1
08,510 1
59,366 1
57,432 1
10,384 1
06,948 1
04,044 1
02,110 1
54,999 1
50,198 1
06,149 1
03,351 1
13,535 1
02,546 1
59,054 1
31,993 1
23,344 1
20,682 1
57,151 1
53,522 1
46,573 1
42,978 1
33,054 1
35,682 1
56,311 1
59,371 1
06,160 1
23,762 1
20,361 1
988 1
14,546 1
11,952 1
31,482 1
27,148 1
59,718 1
57,124 1
27,899 1
24,065 1
35,748 1
24,351 1
33,814 1
50,503 1
48,035 1
46,906 1
44,472 1
54,388 1
51,419 1
18,716 1
15,383 1
50,689 1
46,821 1
41,147 1
33,607 1
28,977 1
891 1
20,722 1
12,145 1
08,744 1
37,082 1
34,215 1
22,566 1
20,234 1
54,137 1
50,371 1
19,179 1
16,517 1
18,987 1
16,257 1
26,643 1
23,378 1
32,191 1
40,488 1
29,097 1
13,615 1
47,478 1
43,451 1
20,793 1
18,359 1
08,773 1
06,714 1
59,968 1
56,237 1
49,088 1
46,995 1
05,808 1
02,350 1
16,550 1
10,028 1
44,390 1
40,039 1
58,866 1
56,932 1
33,070 1
30,806 1
58,072 1
56,138 1
46,691 1
44,359 1
18,899 1
15,998 1
50,537 1
47,636 1
34,788 1
35,943 1
29,885 1
01,582 1
41,556 1
38,325 1
49,404 1
45,673 1
37,530 1
34,902 1
19,178 1
16,584 1
14,504 1
12,513 1
03,792 1
00,334 1
04,210 1
36,351 1
50,938 1
37,778 1
29,131 1
27,213 1
30,911 1
28,993 1
45,256 1
43,046 1
00,211 1
57,125 1
45,594 1
43,427 1
52,588 1
49,545 1
37,946 1
33,943 1
41,762 1
39,719 1
1-4-5-1 1
7-9-1 1
55,266 1
52,265 1
851 1
5057 1
088743 1
0887439 1
10-80 1
59,852 1
57,652 1
37,158 1
39,284 1
32,578 1
35,580 1
1353 1
00,975 1
59,057 1
32,827 1
29,491 1
1282 1
48,941 1
46,940 1
10,830 1
08,370 1
58,054 1
56,595 1
40,135 1
------------------------------------------------35-------------------------------------- 1
36,466 1
57,557 1
07,923 1
06,506 1
03,796 1
02,629 1
21,629 1
20,504 1
32,705 1
30,621 1
38,800 1
37,132 1
35,969 1
33,092 1
02,769 1
9348 1
21.11.2119 1
51- 1
96,2 1
1735 1
17.95 1
3.10 1
21,8 1
4202 1
28.8 1
4240 1
456-1414 1
53,572 1
50,637 1
1149 1
46,393 1
35411059 1
43,697 1
57,417 1
36,393 1
34,061 1
14,740 1
12,806 1
49,514 1
47,614 1
26,221 1
23,957 1
04,301 1
01,969 1
1094 1
41,578 1
00,443 1
54,203 1
11000000 1
4722 1
11.1.2015 1
17,18,19,20 1
14,15,16 1
11,12,13 1
8,9,10 1
5,6,7 1
165170 1
37,749 1
36,766 1
36,699 1
35,166 1
03,181 1
00,543 1
7592 1
ڼ 1
14-30 1
5.35 1
5.33 1
5.32 1
1374. 1
1588 1
1469 1
1466 1
3004 1
446,342,642 1
088 1
577 1
9114 1
2439 1
33,188 1
29,177 1
26,014 1
18,459 1
11.995 1
6-0-5 1
37,000. 1
29,241 1
26,003 1
18,572 1
16,004 1
1994. 1
212-555-3333 1
6234978 1
097435 1
2652 1
2562 1
6285 1
12,762 1
125,468 1
52-48 1
699,44 1
33000 1
05.06.2003 1
8.72 1
9.8 1
12-1 1
10-9 1
1557 1
200486 1
1741 1
96.6 1
120-48 1
1026 1
18529 1
18952 1
12985 1
91258 1
92581 1
92518 1
51298 1
92158 1
92815 1
12589 1
68521 1
1340 1
2039 1
8520 1
1509 1
38,2 1
56.90 1
731,136,000 1
7238 1
7345 1
7315,7 1
2890 1
7031 1
41720 1
55673408 1
04455 1
5.34 1
1976-1983 1
0,17 1
3103 1
85.5 1
2529 1
1047 1
23.4 1
3942. 1
39423942 1
2002.05.27 1
1099 1
555-0199 1
3055550199 1
30-555-0199 1
4876 1
37-- 1
2500000 1
2.400.000 1
2990 1
2300000 1
2200000 1
1900000 1
1-5-0 1
5,800 1
4830 1
19.3.2004 1
27-15 1
31-20 1
736,18 1
16,47 1
15.3.2004 1
12.95 1
284,63 1
2.200.000 1
18925 1
0382965 1
2028 1
11546 1
5-0-3 1
43.97 1
1.527.503 1
15-70 1
77256 1
7762323 1
1.373 1
3924 1
5,80 1
88.6 1
30370 1
74,4 1
79.15 1
2000. 1
01150 1
485.511 1
4-1-1 1
20,318 1
15,710 1
22,8 1
6678 1
7834 1
2470 1
15.6 1
2425 1
4.9.03 1
02-06-02-06 1
0-140 1
18295 1
81259 1
43,190 1
45,688 1
33,602 1
30,906 1
07,651 1
05,387 1
32,880 1
29,251 1
03,426 1
49,576 1
46,675 1
32,874 1
30,940 1
32,927 1
49,317 1
30,493 1
05,942 1
56,265 1
32,966 1
30,907 1
25,899 1
22,532 1
57,132 1
55,505 1
26,808 1
23,907 1
06,321 1
03,887 1
00,539 1
09,844 1
58,014 1
53,195 1
09,101 1
19,601 1
16,438 1
56,246 1
53,448 1
35,156 1
32,460 1
03,660 1
00,896 1
44,307 1
41,543 1
07,101 1
04,906 1
57,089 1
55,186 1
53,995 1
24,466 1
17,424 1
15,490 1
30,036 1
26,441 1
51,305 1
49,371 1
37,471 1
35,537 1
12,887 1
08,223 1
00,213 1
56,618 1
26,400 1
57,509 1
55,874 1
36,717 1
1237689 1
1,2,3,4,5,6 1
1-13 1
5436 1
596,36 1
3237 1
31.8.2007 1
ł20 1
7,5000 1
9-0-9-9 1
727,691,264 1
28,400 1
26,27 1
45699 1
4753206 1
111000 1
8547 1
324-110 1
3320 1
212-737-3858 1
15.3 1
55.9 1
48,730 1
47,230 1
39,430 1
37,500 1
07,060 1
55,820 1
67430 1
53,610 1
5493 1
7.15 1
34,157 1
55,717 1
53,783 1
32,160 1
30,226 1
00,862 1
57,927 1
02,797 1
59,703 1
53,422 1
50,794 1
38,380 1
36,446 1
52,300 1
54,060 1
14,724 1
11,027 1
949 1
22.3.2016 1
1-87 1
87953 1
7479 1
5-5-5-0-0-0-1 1
555-2401 1
115. 1
128. 1
1-900-555 1
6.4.1941 1
51,034 1
3,432 1
59,802 1
43,572 1
12.1.13 1
21.3.11 1
17.6.10 1
23.1.09 1
775,000 1
565,000 1
15,6 1
12.107 1
3247 1
.375 1
10,07 1
15,75 1
21,607 1
19,272 1
50,109 1
42,727 1
26,782 1
25,365 1
48,945 1
46,110 1
6-21-44 1
1,300,000 1
1989-90 1
718-555-0199 1
226200 1
1,216 1
703-1 1
12-10 1
,12 1
10,950 1
.75 1
9178 1
40-41 1
6922 1
12323 1
06.00 1
17.11 1
2.325 1
41.5 1
0-0-1-1-0 1
0-1-0-1-1-1 1
1-1-0-1-0-1 1
0-0-1-0-0 1
27.10.2015 1
0329215 1
1703 1
1351 1
0,00000 1
2-0-1-1 1
47,50 1
24765 1
6,80 1
56,435 1
55,229 1
5219 1
19203 1
7-7-8-7-8-9 1
17.1.2015 1
5-8-5-4-3 1
2-1-7 1
2129 1
3226 1
----- 1
19995 1
15,107 1
10,856 1
12.18 1
606.167 1
657.333 1
83.334 1
21-30 1
00090 1
913-84-0 1
12177 1
7.2.2015 1
03.2.1992 1
44,498 1
90.5 1
5021. 1
04,779 1
01,661 1
27,871 1
26,255 1
2003-2005 1
3402 1
951 1
7,132 1
6,492 1
21,300 1
5,944 1
5,367 1
2122 1
24.12.2000 1
31.1.2015 1
1.300 1
71,291 1
62,2 1
19.467 1
2,552 1
2,995 1
48,090 1
44,621 1
8-6-7-5-3-0-9 1
867-5309 1
1810-1910 1
5.021 1
791000 1
5.8.1976 1
42344 1
14.4 1
51,747 1
3-0-2 1
49,096 1
47,516 1
¦ 1
2-2-2-2-4 1
23647 1
726 1
1.99 1
20,051 1
18,051 1
21,661 1
19,727 1
55,040 1
17,600 1
2336 1
212-555-0147 1
32.6 1
1,650,000 1
049-38-0913 1
7.06 1
60062 1
20,3 1
27,4 1
02.00 1
1640- 1
1,005 1
1,004 1
1,003 1
29.1.2004 1
2334436 1
369. 1
108. 1
2.100 1
3.613 1
374327 1
1564 1
3-3-8 1
0-0-5 1
3-5-0 1
0-4-2 1
0-6-8 1
2-9-4 1
2-7-3 1
15.21 1
31.8 1
21702 1
10-32-2 1
31,609 1
4639 1
1.380.000 1
489051 1
17,85 1
6,45 1
20.11.1966 1
8.5.1927 1
28-30 1
731,238,400 1
68.71 1
26354 1
46751 1
2-5-6 1
1-6-4-1-7 1
12.03.1982 1
725,779,764 1
240,000 1
32,170 1
26,330 1
57,580 1
55,290 1
665058 1
366025 1
9-0-9 1
q-2 1
7-5-1 1
10-50-1 1
990-69-47 1
4165 1
174.88 1
13.2.2015 1
51,320 1
29,100 1
27,060 1
08,090 1
21,050 1
18,620 1
44,970 1
41,740 1
40,570 1
38,500 1
53,760 1
26,860 1
23,820 1
55,320 1
28,620 1
18,130 1
40,300 1
38,980 1
48,180 1
25,557 1
22,360 1
19.4.1952 1
09,877 1
08,080 1
16.9.1950 1
7.5.1949 1
85.678 1
11725 1
26,620 1
18.97 1
28,420 1
49.416 1
1,906 1
696,000 1
47,360 1
42,520 1
40,920 1
17,160 1
57,060 1
38,200 1
36,200 1
50,460 1
004-82-56-882 1
9833 1
7633 1
33,060 1
9873 1
0.035 1
1.52 1
38,000 1
9000000-10.000.000 1
34,800 1
32,800 1
58.994 1
56.659 1
25.449 1
23.614 1
38.501 1
36.833 1
50.626 1
1-00-65-12 1
4,877 1
3,867 1
12,687 1
174. 1
.2015 1
16.1.2015 1
190.2 1
38,012 1
37,039 1
2604 1
1.420 1
27,94654 1
43,16547 1
0313 1
6.6667 1
49,99999 1
8-2-3 1
666. 1
5,2 1
75,5 1
868. 1
31,2 1
7-6-2 1
35,36 1
12,3 1
24,41 1
14-28 1
38,045 1
35,778 1
06,757 1
14,26 1
28.4 1
39,587 1
41,225 1
37260 1
1.414 1
100000000 1
27,506 1
25,940 1
4468 1
1565 1
20.5.2015 1
24.8 1
15,945 1
13,242 1
31.3 1
10005 1
04,590 1
30-5 1
3.11. 1
54,421 1
52,586 1
52,421 1
50,586 1
46,121 1
44,586 1
44,200 1
43,530 1
5-7-6 1
5-16 1
97052 1
1597.2 1
4.11. 1
29,140 1
26,539 1
46,397 1
32,794 1
2-7-3-6 1
1348 1
11,560 1
------------------------------------30---------------------------- 1
525000 1
499500 1
1,93 1
262,020 1
8239 1
09.03.1955 1
07.03.1955 1
01,567 1
36,417 1
57,272 1
33,855 1
31,145 1
12,338 1
11,046 1
50,196 1
48,737 1
1513 1
17,747 1
16,539 1
1499 1
31,651 1
30,234 1
14,348 1
1611 1
348-61 1
26,098 1
28,727 1
44,130 1
53,428 1
51,044 1
42,701 1
39,916 1
36,108 1
34,942 1
30,610 1
28,409 1
59,912 1
58,746 1
14,117 1
12,611 1
30,418 1
38,838 1
59,261 1
55,668 1
18,363 1
16,592 1
39,487 1
35,147 1
18,772 1
13,687 1
02,761 1
01,043 1
20,740 1
18,512 1
31,053 1
34,528 1
5953 1
3611 1
01664 1
4343 1
32,8 1
1935-40 1
32.05 1
117.03 1
15.38 1
16,223 1
14,078 1
998. 1
47.50 1
24.3 1
13,979 1
12,561 1
62285 1
14.2 1
275. 1
913840090 1
5.11 1
16.6 1
1955-57 1
45326 1
889895 1
2.9.1945 1
122658 1
96,000 1
65,50 1
38.498 1
35.764 1
3,060 1
37,55 1
0287 1
26,40 1
3,750 1
12,303 1
2,860 1
9,383 1
53,290 1
52,040 1
2101 1
7.49 1
6,012 1
19,464 1
16,897 1
636.089 1
713.01 1
13,3 1
16,655 1
001-202 1
2987 1
24-31 1
53,461 1
49,991 1
44.735 1
42.479 1
06.06.1944 1
6536 1
18-25 1
25.10.1982 1
28- 1
19.33 1
15,556 1
42,155 1
187. 1
1028 1
05,864 1
03,597 1
016 1
64,000 1
524,000 1
28,323 1
27,124 1
9-60 1
9.13 1
17,95 1
19.12 1
20.12 1
19.12.2000 1
1-1-9-6-4 1
31.10.2000 1
1549090 1
82110 1
3,9 1
0-6-35 1
7005 1
13.1 1
54,350 1
52,010 1
52,303 1
49,967 1
3424 1
62.67 1
2947 1
31.1. 1
-------------------------------10---------------------------------- 1
1-1-9-4 1
50-100 1
1534 1
4658 1
49800 1
1.968 1
2.015 1
28.336 1
32419 1
1.95 1
2359 1
3-0-1 1
07,130 1
01,543 1
167.340 1
03.9.1705 1
.32 1
107.5 1
1.11.2012 1
911- 1
51.400 1
49.667 1
22.705 1
21.439 1
03.819 1
01.718 1
55,436 1
52,836 1
3304 1
1128 1
1995-2003 1
10,350 1
011-783-7706 1
5280 1
522666 1
67253725 1
3-1-4 1
26-27. 1
15.04.2013 1
7825 1
35-7 1
42-10 1
6194840 1
17.4.2010 1
2001-05 1
10,95 1
95-99 1
734,859,264 1
230805 1
0-700 1
713,164,800 1
23.7 1
07.04.2013 1
46.000 1
2-6-0-0 1
25,16 1
25,33 1
05.04.2013 1
11.339.000 1
8.105.000 1
3.302.000 1
5-2-2-6-6-6 1
09,280 1
8355612.67 1
835567 1
39,11 1
2-0-0 1
469-6151 1
1-5-23-58 1
28.3.1968 1
0.0015 1
0.023 1
2385 1
19785 1
1,40 1
179080 1
242.50 1
3-4000 1
1.220.000 1
1946. 1
70-9 1
9-0-3 1
6-2-40 1
3-8-13 1
11-8-23 1
13-0-5 1
11-0-20 1
10-0-3 1
2,22 1
23.5.1970 1
3-9-1 1
16.5 1
10-87 1
484-7921 1
4.015.000 1
3.652.000 1
11.096.000 1
66,666 1
28.7 1
579403 1
634424 1
461034 1
72.4 1
13.3.1949 1
0.43 1
64-21 1
11.40 1
555-1352 1
300-406-310 1
58,5 1
11.15 1
36,37 1
21,22,23,24 1
21,22 1
11,12,13,14,15,16,17 1
.309 1
1217-08 1
1217-07 1
08-6583000 1
0,86 1
11.03 1
20.538 1
24,5 1
63,42 1
21,14 1
28,29,30,31,32 1
00102 1
1335 1
56,958 1
1.235.000 1
1.175.000 1
4.373.000 1
3.151.000 1
3.835.000 1
565.000 1
16.31 1
17.068 1
18.200 1
12.700 1
29.500 1
20.100 1
17.700 1
55,958 1
9.200 1
0915 1
0830 1
0745 1
19.04.2013 1
9723 1
375.000 1
29.12 1
30.480 1
28.728 1
31.12 1
10.03 1
555-0143 1
20.500 1
11.800 1
104,70 1
23.25 1
49,367 1
200,200 1
48.11 1
45.81,0 1
09.48 1
03.81,0 1
28,320 1
26,385 1
48,860 1
47,293 1
911-12 1
6404 1
1649 1
7650 1
650.000 1
23.11.2010 1
296828 1
6241 1
1434 1
1680 1
11,34 1
57,597 1
49.90 1
55,206 1
52,304 1
57,214 1
55,580 1
21,812 1
12.22,0 1
14.55 1
640,520 1
126--80 1
07.8.2006 1
21.45 1
3,4,5 1
30.5 1
25,377 1
21,790 1
14,109 1
10,355 1
41,003 1
39,042 1
1126 1
260.000 1
230.000 1
19,544 1
5352 1
10-03 1
54- 1
14.30 1
48.000 1
9876543 1
21.10.2010 1
10,9 1
7,9 1
12,11,10 1
6727949338 1
43,70 1
19.2.2014 1
145--204 1
9-4-2-0 1
07,665 1
05,764 1
38,498 1
555-8771 1
24,6 1
56,70 1
6.4.1963 1
7.4.1948 1
1-14 1
187,500 1
10.12.1944 1
28,313 1
27,313 1
8,899,200 1
148,320 1
2,472 1
300,000,000 1
0-7-5 1
38,580 1
54-9 1
0-9-7 1
10028 1
ł1000 1
ł25 1
ł17.50 1
ł3.99 1
418-3586 1
919-1044 1
2,35 1
4.822 1
00,518 1
40,013 1
087 1
294721 1
769 1
34,628 1
55,799 1
50,494 1
1.0- 1
28.17 1
1619414 1
ł50,000 1
ł12,000 1
841-810 1
1025 1
0.71 1
0.70 1
0.40 1
731,822,080 1
99,8 1
50,664 1
48,763 1
46,093 1
43,424 1
40,921 1
39,254 1
39,253 1
35,917 1
59,5 1
58,7 1
4,53 1
55,47 1
3.5.2004 1
91,6 1
12,78 1
16,78 1
23,480 1
22,290 1
19,087 1
149. 1
49733 1
6813 1
1-7-5-5-0-4-4-5 1
1-7-5-5 1
5-5-4-3-7 1
8-7-7 1
5-4-5 1
310-555-0 1
............... 1
20.1.1998 1
6.12.1995 1
07,476 1
9-12 1
43,073 1
39,016 1
51805 1
9109 1
695 1
3850 1
5784 1
3848 1
21,6 1
4.800 1
26.10.2007 1
34,779 1
39,491 1
77,50 1
16.40 1
43,3 1
3,14159265 1
24.20 1
23.50 1
2-9-6-5 1
18,00 1
34.17 1
10,76 1
94.5 1
09,584 1
07,150 1
3.14159265358979 1
212-752-4708 1
36,571 1
34-30 1
243-146 1
065-446-681 1
27,177 1
24,447 1
24,500.68 1
0,75 1
39500 1
10,84 1
10.67 1
.30-06 1
39,100 1
38,290 1
384-755-343 1
20-20-60 1
34,297 1
---------------------------------------- 1
40-30 1
4900 1
01-02 1
07-3291-21-33 1
4-4-4 1
3-3-3 1
1-2-2 1
0326454800 1
234786 1
7,50 1
3250 1
02,128 1
58,533 1
00,485 1
2121659990 1
58,813 1
5,600 1
88-60-90 1
1.430.000 1
33.69 1
31.69,0 1
1787-1788 1
08,666 1
05,117 1
4-5-6-4-7-0-2 1
.08 1
1743-1826 1
8.46 1
25,765 1
227.000 1
1706 1
01.30 1
12.26 1
1993-1996 1
102.9 1
100-120 1
50,277 1
48,012 1
13,795 1
11,647 1
26,103 1
24,803 1
28,249 1
23,249 1
57,511 1
53,777 1
1971571431 1
15,686 1
04,440 1
01,124 1
29,961 1
25,761 1
18194920 1
28.50 1
12660670 1
60138183 1
13,45 1
01,00 1
4,900 1
2.39 1
9171571431 1
14,386 1
1603 1
7,646 1
2,660 1
------------------------------------------- 1
143,11 1
101,14 1
52,709 1
2254 1
2000-3000 1
0.20 1
25-35 1
80-500 1
0,0001 1
83--83 1
555-1215 1
8-2-7 1
................................. 1
8-8-0 1
5978 1
9-14 1
08,320 1
774 1
1256 1
4590 1
973-555-0146 1
2974 1
1.05 1
1970-1972 1
1993-1994 1
26,5 1
5.10.2002 1
04.02.2002 1
020406 1
................................................................. 1
............................ 1
20,890 1
12,030 1
11,030 1
19,138 1
16,552 1
8.73 1
25.00 1
165,000 1
3970 1
20.11 1
24-4-8-7-7 1
54321 1
4-7-9-5-4-2-2-0 1
--------------------------- 1
18.11.2005 1
7,16 1
0608080700 1
850000 1
88,000 1
96.9 1
198.36 1
45,913 1
45,052 1
31,903 1
24,353 1
.......................... 1
14.6.2008 1
............................... 1
19.11.2005 1
08.08.2006 1
12,13 1
1783-1842 1
7.12.2038 1
6.12.2038 1
śśś 1
067 1
2530 1
11,911 1
11,485 1
10,925 1
13,767 1
10,362 1
7,213 1
17,778 1
6,05 1
12.6.2039 1
21,19,8,34,17,29,5,36,2 1
700.6 1
7620 1
13.95 1
11-16 1
01.26 1
21,77 1
6,79 1
01.03 1
1196 1
1186 1
1446 1
47,6 1
1883-1946 1
13,32,39 1
☆ 1
11,500 1
1,106 1
312-346 1
6-1-7,617 1
97,96 1
555-019 1
41,3 1
3.1 1
2605 1
15,603 1
13,017 1
39,538 1
37,744 1
63,360 1
5,280 1
1,120 1
96,59 1
637 1
40.9 1
36-24-36 1
310-555-8934 1
1-38 1
1-39 1
95,7 1
95,6 1
95,5 1
200,100 1
202-555-0177 1
1237 1
2008-10-01 1
51.428571428 1
8-8-1-9-6-7 1
09.8.2006 1
18.08 1
1306 1
7350 1
6300 1
7100 1
03,320 1
48,056 1
45,388 1
5556 1
9352 1
21185 1
4-1-3-1-9 1
2.16 1
0,314 1
1,0 1
49,662 1
47,361 1
4326 1
12,267 1
07,627 1
05,727 1
5313 1
7298 1
5-1-1 1
815- 1
3-1-6 1
10,15,20 1
3-2-5 1
10,100 1
965,90 1
433,66 1
2869 1
05,003 1
1-8-0-5-1-9-1-2 1
42,080 1
40,714 1
29,240 1
28,308 1
51,960 1
49,892 1
57,583 1
54,216 1
07,953 1
04,951 1
508-555-0755 1
320000 1
3-0-9-8-1-7 1
30- 1
11-19-66 1
11-19-86 1
35,751 1
32,600 1
72,3 1
1,55 1
1,95 1
31,638 1
4.55 1
1,296 1
6,480 1
6480 1
842.3 1
1604 1
3471 1
1592 1
11,159 1
09,890 1
917-456 1
13,289 1
09,887 1
17,438 1
13,170 1
16000000 1
7.65 1
125,7 1
5,10 1
8011 1
3,084 1
43,935 1
16.2.2014 1
9.1.2014 1
33-42 1
48,2 1
3293 1
13-21-5-27-32 1
7-18 1
3003 1
3,18 1
38,959 1
36,475 1
22,813 1
20,110 1
91.51 1
200,000,000 1
07,441 1
45,570 1
12,851 1
10-07 1
54,747 1
53,548 1
37,811 1
34,876 1
19,693 1
16,358 1
40,940 1
39,105 1
39,762 1
06,550 1
03,479 1
59,215 1
10,882 1
56,244 1
05,350 1
46,918 1
45,650 1
01,546 1
59,143 1
44,082 1
42,647 1
29,661 1
28,060 1
16,544 1
13,874 1
58,253 1
55,116 1
07,186 1
8.49 1
3248 1
0018345 1
612-188-6336 1
96,1 1
36.6 1
5028 1
102,15 1
46-82-123 1
1617 1
498200 1
0,27 1
31.8.2011 1
1430 1
6299 1
2941 1
100375 1
3-2-9 1
5-0-4 1
1-0-1-3 1
2-4-8 1
1-7-2 1
2-0-0-0-5 1
7414.1 1
7413.4 1
20.1 1
7412 1
53.4 1
04.00 1
1897-1932 1
0,40 1
1,70 1
1--0 1
520-5555 1
2096 1
6941,704 1
7-3-4 1
0-3-3-4 1
01,458 1
00,058 1
23.9.2011 1
8.99 1
0760-086-996 1
1057 1
2266 1
53,387 1
51,302 1
16.9 1
02,823 1
17-5 1
2000-17000 1
10-12,000 1
13.10.1917 1
21,626 1
20,420 1
1457 1
46564 1
33,037 1
28,680 1
22-20 1
555-0157 1
212-5 1
59,654 1
34,000 1
7-2-5-6 1
2111 1
27,349 1
40,369 1
46,881 1
33,234 1
31,133 1
16,917 1
14,316 1
47,756 1
38,646 1
36,545 1
25,333 1
22,864 1
51,679 1
29,917 1
49,244 1
22,952 1
39,441 1
37,373 1
43,551 1
40,583 1
25,533 1
23,833 1
05,687 1
03,620 1
3340 1
48,267 1
44,204 1
72,000 1
25,186 1
10-02-25-056768 1
52,894 1
48,327 1
3-0-0 1
9003 1
555-1330 1
733,403,136 1
98,5 1
50-70 1
04,000 1
7.3.2004 1
27.12.2010 1
23.2.2014 1
76842 1
512255 1
700-800 1
56,397 1
1-5-7-9 1
.203 1
6-2- 1
440,000 1
47787 1
310-555-0142 1
15100 1
6441865-313 1
4.75 1
18,382 1
16,281 1
46,743 1
43,941 1
50,428 1
6-1-4-9 1
10.36 1
84-40 1
2731 1
36-38 1
65.7 1
000-30 1
000-300 1
62.5 1
45.15 1
26,790 1
25,089 1
46,423 1
44,155 1
9625 1
12,352 1
10,985 1
2,412 1
1127- 1
1231 1
1697 1
44,50 1
2-2-7 1
7-9 1
19,000 1
7-1 1
2714 1
7844 1
7-1-8-5 1
1-718-55- 1
7-5-1-8 1
28-37 1
35-50 1
10-08 1
105105 1
15.1.2014 1
37,9 1
1409,16 1
213-555-7862 1
2-5-7-8 1
2-5-7-8-9 1
19.01 1
50,000- 1
22.2.2010 1
14,12 1
16,5 1
4-2-9 1
19,255 1
22.7 1
18,088 1
12,899 1
47,210 1
44,324 1
00,226 1
58,242 1
42,802 1
38.41 1
128,056 1
8- 1
16- 1
24- 1
61- 1
252525 1
15,334 1
10-09 1
34-59 1
36-48 1
1945-1948 1
58.14 1
21,561 1
17,664 1
9283981 1
7451 1
16,7 1
0-12 1
3-4-9 1
777-5 1
26.1.2014 1
2,050,000 1
29,700 1
03,291 1
5.900 1
30.96 1
0.18 1
82.652 1
9501 1
19,00 1
2423 1
40,168 1
36,099 1
12.10.2006 1
09.10.2006 1
8.10.2006 1
25.08 1
23.08 1
1106 1
32.84,0 1
08,091 1
10,759 1
06.02.2011 1
76-08-18 1
32-27-32 1
5776 1
15.20 1
19.3.1964 1
048-32-1198 1
47.000 1
269-948-1998 1
07902-42-884 1
07902-24-921 1
5453 1
410-195-5453 1
08,092 1
269-248-1998 1
13.73 1
2904 1
1974-77 1
3211 1
2380 1
0.03 1
31422 1
624.55 1
6133 1
323.75 1
426.2 1
767.6 1
2-7-4 1
312-421-6700 1
34.80 1
314,320 1
00.00,0 1
6000.23 1
6.23 1
2,02 1
19,6 1
618,429 1
3.700 1
4891 1
5.500 1
2,5-15 1
12.1.2014 1
57210 1
44,233 1
40,896 1
.64 1
59,885 1
41,368 1
38,031 1
11,311 1
07,850 1
33.000 1
5-10.000 1
34,99 1
0,079 1
7.001 1
7-0-5 1
21,009 1
2623 1
51,580 1
53,086 1
49,290 1
1,795 1
23,736 1
------------------------------------------------------------------- 1
------------------------------------- 1
3502 1
13- 1
24.1.2014 1
2-3-9 1
97.998 1
37.318 1
67431 1
134,000 1
4.68 1
37.50 1
17.16 1
866.2 1
32,056 1
1121 1
46,156 1
44,689 1
30,562 1
312-555-83 1
31.10.2010 1
99.98475 1
01005-403 1
25,867 1
24,240 1
59,110 1
57,643 1
25,033 1
30,065 1
11.08.2006 1
10-02 1
03,938 1
10-04 1
26724 1
16,800,000 1
6787 1
4.7.1974 1
43,8 1
3825 1
17380 1
1991- 1
93.3 1
23,5 1
94.7 1
2-4-3 1
11,90 1
2-17 1
30.1.2014 1
270-457-170 1
24.05.2004 1
07.8.1793 1
47,675 1
44,790 1
12.5.1950 1
18750 1
67,5 1
10,020 1
08,020 1
4,004 1
02.88 1
0.357 1
05,239 1
43,37 1
37,35 1
1171 1
07,250 1
05,716 1
973658 1
00,676 1
59,008 1
43,047 1
33,346 1
32,776 1
3249 1
4-30-8 1
105.30 1
91,44 1
35,37 1
1752 1
37649 1
37458 1
8-3-3-2-8 1
2777 1
7,00 1
10,960 1
‪ 1
1931-2001 1
2912 1
12,52 1
13,92 1
19,83 1
5,81 1
1.1.2012 1
19.3.2010 1
0770 1
4212 1
2238 1
14.50 1
703-555-0187 1
43565 1
0319 1
1930- 1
7204 1
2.29 1
7-1-7 1
0947 1
0942 1
0934 1
0925 1
0922 1
0913 1
0908 1
0812 1
0809 1
0741 1
0704 1
0632 1
0-3-1-4 1
2991 1
ノ 1
∧ 1
ヽ 1
06,101 1
7,15 1
555-0101 1
53-70 1
10-108 1
17-12-09 1
2-4-5 1
29158 1
6-4-3-2 1
80,93 1
1904-1989 1
8,2 1
1664-1699 1
1801-1850 1
1881-1940 1
1879-1975 1
1834-1902 1
1524 1
04,467 1
1447 1
1248 1
1131 1
137- 1
28845132 1
845132 1
1-0-6-9-6 1
19,2 1
17,930 1
16,530 1
120.2.2 1
4529 1
23,207 1
21,392 1
1305 1
19,69 1
13,19 1
2,52 1
11,360 1
05,367 1
03,833 1
41,957 1
40,540 1
23,9 1
64,7 1
135,7 1
48,373 1
5,327 1
4,639 1
57,798 1
55,763 1
14,920 1
9-1-5 1
7,100 1
5,400 1
5,300 1
5,200 1
5,100 1
4,400 1
4,100 1
3,900 1
3,800 1
2613 1
3220 1
58,427 1
55,993 1
7,400 1
38-30 1
2009,2010,2011,2012 1
25920 1
7187931768 1
4356 1
82.400 1
34.88 1
1208 1
71,76 1
700000 1
46,234 1
42,167 1
27,415 1
24,446 1
54,479 1
52,955 1
13.8.1983 1
1454 1
75650 1
35.34.08.81 1
2627 1
22,733 1
19,767 1
696 1
16,982 1
7-2-2 1
8750 1
80-1 1
38,065 1
730313 1
730313105 1
3,17 1
11,7 1
46-59 1
2873 1
10-4-80-20 1
80-20 1
661-555-7782 1
2828 1
626-555-0110 1
2428 1
10140925 1
72-4 1
1-08 1
5.9.1994 1
43,930 1
42,850 1
1962-1997 1
2863 1
1-0-3-6 1
30,5 1
2157 1
178000 1
98,7 1
0362 1
8,996 1
2,076 1
6502 1
4001 1
31.8.2016 1
3-7-5-6-4 1
97.10 1
320.2 1
2233.04 1
1.26 1
8048 1
4587 1
5076 1
1.850 1
640000 1
27.3 1
4-8-6-9 1
7-7-5-8 1
65434 1
310-555-0130 1
0130 1
1122 1
6.8,6.89 1
8.31 1
808 1
21.29 1
469111 1
08-720651 1
08-6206321 1
4,57 1
226-962-6746 1
57809 1
84.000 1
3,53 1
2381 1
28455 1
151.3 1
4940.9 1
łł 1
1.28 1
675745695 1
3,70 1
24-11 1
59,834 1
18,407 1
17,377 1
147,5 1
147.7 1
1.31.2 1
1.32.1 1
1-1-7 1
2081 1
974 1
0710 1
46,569 1
43,898 1
01,251 1
27- 1
7- 1
41-28 1
q- 1
8-5-9-7-3 1
7654 1
1.55 1
12,90 1
1,322 1
279.11 1
322.56 1
7.68 1
58.03 1
167.84 1
2006- 1
5-2-9-4-4-0 1
77887900038 1
7788 1
512-697-4998 1
74-67 1
33,799 1
31,160 1
0.99 1
152,4 1
1682 1
630,000 1
48,366 1
46,567 1
57,011 1
55,376 1
14,900 1
99.9- 1
13,100 1
39,097 1
37,429 1
43,716 1
41,815 1
40,716 1
38,815 1
0450 1
1321 1
1041 1
15,20 1
6818 1
6827 1
1860-1880 1
17,100 1
39,7 1
28,50 1
15,50 1
734,531,584 1
36,322 1
33,325 1
845 1
2340 1
321-7621-413 1
51,585 1
1.742 1
1.070.000 1
12,233 1
09,553 1
26977 1
1981-1993 1
1857-1938 1
731,321,812 1
15.12.1791 1
230,000 1
0-2-0 1
555-7219 1
5591 1
4971 1
637.0 1
0977 1
52,397 1
46,406 1
01-05-2007 1
555-3902 1
ł132 1
ł187 1
10,0 1
3333 1
11,573 1
07,461 1
07,633 1
02,502 1
30,383 1
28,222 1
23.98 1
1910-1925 1
12,990 1
11,200 1
11,190 1
09,370 1
833 1
555-3901 1
51,230 1
42,020 1
21,580 1
19,250 1
43,270 1
40,810 1
20,340 1
18,750 1
45,360 1
43,360 1
34,160 1
32,860 1
50,595 1
3,4,5,6,7,8,9,10 1
44,520 1
1.4999 1
4698 1
24.08.2010 1
556-0134 1
02.04.2013 1
95-8 1
38-5 1
12-24 1
15-53 1
49-50 1
9747 1
4990 1
57,200 1
3369885421 1
0252 1
22.10.2003 1
0134 1
03.04.2013 1
4851 1
9942 1
10087 1
9823 1
3,312 1
0802425013 1
30,998 1
29,086 1
1988-89 1
160000 1
2900000 1
06.04.2013 1
12.03.1978 1
15.99 1
2-1-3-4-8-4-8 1
15,81 1
4-7 1
05.07.2010 1
1734854 1
93,4 1
6740 1
3232 1
250-300 1
7641232 1
1698 1
15,12,11 1
1895-1934 1
1879-1919 1
22.250 1
22.12.1982 1
5.81 1
5732 1
45,636 1
43,111 1
31,828 1
29,598 1
53,980 1
45,948 1
45,878 1
41,009 1
17.4 1
10,990 1
09,700 1
73.78.32 1
40.66.34 1
62,437 1
1951-1952 1
1950-1951 1
1-7-0 1
51,534 1
48,234 1
46,534 1
44,234 1
32,50 1
0824 1
13.3 1
47,697 1
46,852 1
3778984 1
27-0 1
2058 1
1428 1
7432 1
3,150,000 1
0,02 1
999.999 1
2,12 1
30,563 1
28,095 1
52,134 1
50,662 1
3035 1
409,846,902 1
8.306328662918075 1
48572 1
13.595 1
8757 1
2008-2009 1
18.75 1
31,500 1
1494 1
6.5. 1
7115 1
36,300 1
157-3245 1
049-0067 1
9-9-1 1
4-20 1
23,282 1
20,308 1
00,099 1
56,786 1
23,853 1
22,694 1
7,83 1
55,366 1
98920 1
31,611 1
28,611 1
1889. 1
09,496 1
06,828 1
2570 1
50,420 1
49,289 1
29-44 1
71,7 1
1504 1
1508 1
53,938 1
-5 1
97.6 1
617-555-0118 1
30-20-10 1
8.8 1
124.0 1
123.45 1
10100 1
11094 1
124.825 1
9450 1
123.8 1
121.775 1
43,363 1
40,764 1
823-24-6270 1
121.95 1
3.12. 1
81,6 1
5,48 1
3,141 1
4495 1
8,900 1
221.556 1
37,967 1
35,668 1
32,701 1
30,200 1
0,313 1
14.3 1
12,8 1
157-337 1
2-4-8-8 1
34800 1
2,47 1
489-374-83 1
3319 1
4248 1
10.5 1
25.65 1
25.03.2010 1
13.12.2008 1
60-20-20 1
6,37 1
2,400 1
323-7919157 1
1.2.3. 1
555-0167 1
11600 1
2,3,4 1
14001 1
55,026 1
51,461 1
03,518 1
01,518 1
11,927 1
10,319 1
51,795 1
49,099 1
4-4,5 1
1803 1
3972 1
1-65 1
........................................ 1
7835 1
503-945-7200 1
ł5.04. 1
57,46 1
46,13 1
15645646849486465564 1
227.500 1
23-1 1
10.443 1
10.167 1
2,0 1
11375 1
0734935 1
1,118 1
4.43 1
11649 1
11.649 1
2765 1
3148 1
255133 1
22,50 1
35,8 1
2,400,000 1
2,300,000 1
2,200,000 1
2,100,000 1
1,900,000 1
1,800,000 1
2.27.1975 1
72163427 1
48,03 1
91,26 1
4,348 1
736473088 1
118.484 1
1,00 1
6943 1
963 1
0-0-4-1-2-3-3-1-7 1
1-212-555-0118 1
5-1-4-3-6-9-0 1
12008 1
0-5-5 1
0-55 1
6.80 1
0609 1
7309 1
20180 1
71102 1
3,4,5,6,7,8 1
7.38 1
7996 1
14,300 1
12,300 1
706 1
029351- 1
22.11.1963 1
10.04.2013 1
1.400.000 1
034200282-1 1
10.13 1
240-555-0106 1
6245 1
17,900 1
14,400 1
33,900 1
17,662 1
1726 1
09,665 1
06,716 1
14,702 1
13,502 1
09,600 1
07,038 1
11,250 1
09,424 1
09,201 1
07,801 1
1391 1
19,700 1
46,459 1
59,864 1
55,263 1
08,100 1
04,451 1
54,880 1
51,905 1
22,207 1
20,038 1
29,163 1
27,651 1
22,397 1
20,601 1
57,911 1
28,999 1
34.999 1
2-5-5-1 1
告白 1
0,41 1
53,300 1
50,300 1
59,200 1
55,400 1
11,600 1
08,200 1
00,700 1
58,400 1
08,600 1
356833 1
9021 1
506. 1
22.68 1
2215 1
5,20 1
41205 1
24.95 1
0,999 1
45,840 1
25800 1
月 1
六本木 1
山 1
青 1
青山 1
巨人 1
q2 1
11,25 1
56,811 1
4.145 1
1,381 1
3.15 1
ąűşłîŕ 1
1,78 1
3086 1
15.-16. 1
317,5 1
21,000 1
5-13 1
508,32 1
89-544 1
24,128 1
8542 1
7550 1
9,8,7 1
27.50 1
48.50 1
41571 1
2,432 1
297.5 1
45-90 1
03.05.1882 1
42,893 1
40,001 1
20.15 1
1864. 1
063 1
8633 1
09,927 1
09871239847 1
448,7 1
467-989 1
05,848 1
04,321 1
32,097 1
30,783 1
55,103 1
53,251 1
550.000 1
08,00 1
22-04 1
11070 1
57,064 1
55,957 1
74.000 1
0-82 1
04,102 1
7-1-2 1
11-8-3-7 1
32-43-11 1
615-30-18 1
32-15-10 1
20-24 1
130000 1
10,837 1
13,292 1
12,795 1
11,879 1
12,249 1
12,021 1
67,000 1
10-82 1
3434 1
2850 1
745- 1
1,850 1
563 1
14322 1
12.15 1
1961-63 1
2824 1
3458 1
97661017 1
8550 1
96-145 1
0-0-9-7 1
6-0-1-1-3-1-6-3 1
39,840 1
1-9-7-7-3-4 1
5-4-9-6 1
3-7-8-3 1
2-2-9-1 1
2-0-1-1-7-9 1
4-8-7-4-3-9 1
3-0-1-5-5 1
78-35 1
8427 1
3-9-3 1
3-20-58 1
79- 1
9825 1
3251 1
3-3-0-1-5-5 1
3.362 1
41,670 1
02,650 1
94-08-21 1
04-76 1
40,800 1
1,19,000 1
5000-11000 1
2,20,000 1
4448 1
133-41 1
0-3-4 1
301506.51150 1
1593 1
10942 1
8.64 1
00,070 1
3.92 1
1,35 1
14173 1
19225004 1
1764 1
0171359 1
4-4-3-6-9 1
11719 1
583 1
104. 1
1614 1
9799 1
47,429 1
46,440 1
2.85 1
10,30 1
15,951 1
14,051 1
9726 1
2505 1
6.6.1968 1
40-0 1
5574 1
7782 1
2006. 1
2.46 1
05.12.2006 1
555-7556 1
58,000 1
10,32 1
888-777-4432 1
134. 1
14201995611 1
02,600 1
59,800 1
56,240 1
43,720 1
3.68 1
30,160 1
27,040 1
50,680 1
26,960 1
24,560 1
55,560 1
1-0-9-0-2-4-3-0-0 1
16702 1
2330 1
1517 1
24.12.06 1
12-12 1
81-80 1
59-48 1
23,300 1
21,100 1
732.5 1
663.00 1
4652 1
6-5-7 1
20.5 1
17,07 1
1401 1
2749 1
0-6-2-7-5 1
1991-2002 1
19,420 1
16781 1
21.12.2005 1
1917-1920 1
7.12.2005 1
1.8.2003 1
73.65 1
1,12 1
10,11,12 1
56437 1
835687 1
64,80 1
3321 1
22,412 1
0-6-2-7-8-3-0-0-0-4-0-5 1
494,000 1
315,000 1
08,528 1
12,556 1
11,156 1
12,658 1
11,358 1
12,370 1
10,888 1
36,7 1
321915 1
65983 1
3.200 1
2006.04.02 1
37.8 1
09,796 1
2730 1
26.6.2007 1
2,90 1
5,6,7,8,9,10,11,12 1
54,040 1
51,520 1
41,820 1
37,960 1
q104.3 1
突入 1
疑惑 1
21.7 1
ł5,000 1
0021 1
34,7 1
64-61 1
27,063 1
555-7507 1
096 1
08.45 1
10-66 1
6-2-1 1
8-1-4 1
700.0 1
23,5-6 1
08,935 1
06,176 1
2,994,000 1
59,391 1
56,900 1
29,581 1
28,816 1
26,384 1
33037 1
15,65 1
34,90 1
220-260 1
67279 1
61905 1
1,950 1
207-149-582 1
931 1
45786 1
24.7. 1
366503936 1
6906 1
3-3-0-3-7 1
876 1
80-19 1
00,560 1
21.5 1
ń 1
35,391 1
32,723 1
6.26 1
12,22 1
98,47 1
1458 1
66,5 1
14,559 1
29,900 1
25,535 1
5248 1
28.11 1
1913-1921 1
1963-75 1
1928-76 1
8100 1
1934-54 1
1738 1
04,340 1
02,004 1
180. 1
21,12 1
92.327 1
100-200 1
327293050 1
0905424 1
1928-41 1
綻び 1
.751 1
9,75 1
04,721 1
00,430 1
58,702 1
03,577 1
32,512 1
31,123 1
27,623 1
10-206 1
10,181 1
08,681 1
39.5 1
23.15 1
10.95 1
42-45 1
100.00 1
4,90 1
36,060 1
300338 1
5,00 1
1981-1992 1
39,892 1
36,837 1
105000 1
57,90 1
26,382 1
94108 1
6734 1
2929 1
9.04 1
5.04 1
44.61 1
引 1
113.50 1
116,10 1
115,10 1
0-1-0 1
0-7-8-0 1
0-1-0-0 1
2-9-9 1
1-18.3 1
9,14 1
600-700 1
80,5 1
45,15 1
45,47,49 1
112.5 1
61-14 1
60604 1
87223 1
6,59 1
追跡 1
44.50 1
41.83,0 1
取引 1
02.68 1
59.64,0 1
96,4 1
17.10 1
22.75 1
20,841 1
16.09.2011 1
41.94,0 1
99,10 1
310-691-6496 1
駆 1
22.87 1
20.00,0 1
31000 1
38.720 1
2107 1
39.851 1
200500 1
6-7-0 1
598 1
349.1 1
2007-2008 1
---------------- 1
7.5.2014 1
37,1 1
25,494 1
21,916 1
88333 1
888333,833883 1
27,128 1
24,094 1
38,718 1
37,790 1
4203 1
3.9. 1
7.2. 1
56,6 1
103.1 1
1,94 1
74259 1
