. 6957239
- 2364820
, 2146995
? 1821623
! 785315
... 426616
" 255670
: 53428
' 33840
– 24476
) 9626
1 8785
20 8696
.. 8554
10 5784
30 5725
000 5685
( 5409
15 5007
2 4983
50 4698
} 4619
100 4449
3 4239
12 4090
♪ 4075
% 4037
5 3732
* 3307
40 3225
/ 3135
‎ 3023
4 2919
[ 2879
] 2874
25 2845
— 2531
6 2485
$ 2467
200 2389
18 2349
16 2212
7 2195
14 2163
11 2127
500 2090
8 1981
24 1959
13 1894
17 1888
= 1832
60 1708
9 1701
300 1663
# 1577
22 1458
¥ 1421
; 1394
21 1250
90 1233
19 1215
80 1193
1000 1182
45 1144
\ 1122
23 1121
2000 1015
5000 981
35 972
400 969
1030 944
70 914
150 831
00 784
48 780
27 727
28 727
26 717
0 700
¸ 695
32 685
_ 655
75 647
3000 633
2. 629
ĺ 623
1. 593
600 584
36 584
800 578
250 551
´ 518
42 494
3. 488
31 486
29 484
¡ 480
{ 476
ã 453
-- 450
37 438
 421
33 417
4. 409
47 409
10000 408
34 408
38 392
65 385
72 372
41 371
11. 354
700 353
99 347
55 344
120 342
43 329
1,5 326
+ 324
945 322
52 319
4000 316
§ 311
‒ 308
| 303
85 302
911 301
95 299
7. 294
39 294
1500 293
44 288
50000 284
100000 278
¶ 276
2016 274
51 269
5. 266
180 264
â 261
900 261
2008 256
20. 255
46 253
1944 252
64 250
534 245
532 243
49 241
160 239
110 238
15. 237
8. 235
2,5 231
2009 230
21. 230
​ 230
2010 228
12. 228
17. 225
2012 223
6000 223
09 223
1200 221
57 217
1985 217
14. 216
2005 215
 211
8000 209
53 206
10. 203
93 196
 196
98 195
10.000 195
2001 191
2011 190
58 190
68 189
66 189
20000 187
2006 187
007 186
140 185
350 185
9. 184
69 182
¦ 182
6. 181
56 180
63 178
1942 178
2007 178
01 178
943 178
♫ 177
76 176
97 175
67 175
~ 174
87 173
533 173
54 172
2015 171
130 171
96 170
62 170
939 169
1984 167
2500 165
450 165
498 165
1945 161
112 161
92 159
13. 159
2002 158
82 158
73 157
2003 157
83 155
1994 155
61 154
1996 152
78 152
2014 151
2004 149
¿ 149
18.00 149
1943 149
84 147
2013 147
94 146
7000 146
23. 146
1989 145
22. 145
1997 143
£ 142
2-1 141
16. 140
1988 139
1990 138
496 136
89 136
91 135
12.00 135
944 135
86 135
1973 134
30000 133
74 133
77 133
50.000 132
1993 132
1982 131
06 131
71 131
19. 130
@ 130
1969 129
1968 128
20.00 128
59 128
88 127
1940 127
1991 126
2-3 125
° 125
1975 125
1941 125
18. 124
1987 124
101 124
08 123
25000 123
1995 122
1999 121
1979 121
1980 121
19.00 121
25. 121
1967 121
24. 121
17.00 120
30. 117
06.00 117
81 116
27. 116
1972 116
200000 114
3,5 114
360 113
1986 112
15.00 111
1992 111
1998 111
963 110
1970 109
964 109
320 109
1600 107
1983 106
100.000 106
15000 105
125 105
170 105
28. 104
08.00 104
02 103
750 103
09.00 102
1962 101
` 100
05 100
14.00 100
29. 99
1974 99
16.00 99
240 96
22.00 96
175 95
79 95
497 95
495 94
871 94
1978 94
19.30 93
1965 93
40000 92
1958 92
1939 91
1963 91
531 91
20.30 90
9000 90
3-2 90
1800 89
31. 89
07.00 89
20.000 89
03 88
2-2 87
10.00 87
21.00 87
1976 87
10-15 87
1977 86
1960 86
225 85
26. 85
07 85
1966 84
50-50 84
220 84
103 84
869 83
04 83
1981 83
0-1 83
3-4 82
02.00 81
958 81
1971 81
4,5 80
1961 79
105 79
1950 79
23.00 79
1964 78
962 77
530 77
210 76
5.000 75
™ 75
1959 73
500000 72
1957 72
ª 72
1955 72
650 71
1947 70
11.00 70
1,2 70
20-30 70
1,6 69
270 69
494 68
957 67
10-12 67
03.00 66
13.00 66
12.30 66
5-6 65
260 65
4-5 65
3500 65
10.30 64
22.30 64
1400 63
.45 63
104 63
529 63
18.30 63
102 62
190 62
17.30 62
118 61
1-2-3 61
250000 61
15-20 61
21.30 60
117 60
405 59
1948 59
1,80 59
30.000 59
60000 59
16.30 58
1936 58
1937 58
2017 58
135 57
875 57
212 57
½ 56
310 56
1300 56
1700 56
05.00 56
873 55
1100 54
12000 54
1954 54
1-0 54
999 54
30-40 54
113 53
230 53
10,000 53
1933 52
200.000 52
1918 51
1920 51
1.000 51
1938 51
201 51
108 51
14.30 51
15.30 51
280 51
550 50
106 50
25.000 50
80000 50
237 50
7,5 50
04.00 50
1917 49
2.000 49
1931 49
1-1 49
1951 48
1952 48
197 48
1953 48
165 47
06.30 47
1946 47
2-5 47
115 46
375 46
11.30 46
185 46
2400 46
119 46
111 45
07.30 45
865 45
122 45
23.30 44
187 44
1935 44
109 44
1929 44
1932 44
01.00 44
1900 44
8-10 44
10-4 43
275 43
107 43
493 43
206 43
950 43
300000 43
1206 42
15.000 42
116 42
777 42
70000 42
6-7 42
850 42
937 42
1956 42
365 42
150000 41
747 41
114 41
217 41
147 40
227 40
2.0 40
300.000 40
305 40
.38 40
3.000 39
370 39
940 39
2-0 39
40.000 39
666 39
1,3 39
199 38
1,7 38
223 38
127 38
420 38
121 38
10-20 38
 38
312 38
3-0 37
1,8 37
1885 37
7-8 37
137 37
1-5 37
1912 37
129 37
1549 37
2,3 36
3-1 36
¨ 36
13.30 36
480 36
128 36
145 36
4500 35
1776 35
1919 35
400000 35
203 35
3200 35
207 35
5-10 34
7500 34
250.000 34
1921 34
50,000 34
2020 34
500.000 34
1,50 34
40-50 34
1,9 33
2,50 33
150.000 33
1914 33
75000 33
1,90 33
1916 33
132 33
874 33
126 32
172 32
555 32
8,5 32
1,4 32
09.30 32
285 32
136 32
868 32
215 32
9.30 32
235 32
325 32
1949 32
221 32
2100 32
124 31
2,8 31
35000 31
195 31
1930 31
2300 31
380 31
05.30 31
5,000 31
6-0 31
123 31
1-4 31
1923 30
138 30
211 30
1865 30
640 30
290 30
3,2 30
2200 30
425 30
1928 29
302 29
560 29
143 29
340 29
219 29
14000 29
3-5 29
7.30 29
343 28
11.11 28
6,5 28
1934 28
155 28
870 28
404 28
11000 28
1001 28
304 28
2600 28
1-6 28
1876 27
323 27
2,7 27
2,4 27
1922 27
400.000 27
216 27
0600 27
1909 26
70.000 26
956 26
08.30 26
5,5 26
¾ 26
5500 26
144 26
1915 26
2,6 26
330 25
16000 25
3600 25
9,5 25
233 25
2700 25
2800 25
990 25
18000 25
8.30 25
100,000 25
50-60 25
512 25
1880 25
1902 25
4.000 25
357 25
1,000 25
60-40 25
209 25
2044 25
2,2 25
402 25
1-2 24
© 24
25-30 24
6.30 24
222 24
35.000 24
208 24
625 24
87. 24
168 24
1-3 24
04.30 23
1899 23
309 23
182 23
226 23
501 23
301 23
1907 23
188 23
9.00 23
1925 23
1926 23
1,60 23
4800 23
720 23
134 23
3,7 22
156 22
1138 22
1863 22
192 22
1901 22
15.45 22
204 22
02.30 22
183 22
202 22
198 22
306 22
0700 22
151 22
1910 22
4.30 22
407 22
214 21
12.15 21
247 21
80.000 21
311 21
241 21
¤ 21
3,50 21
815 21
22000 21
82. 21
322 21
430 21
1913 21
9,2 21
2,000 21
1911 21
996 21
415 21
520 21
12.000 21
1860 21
14.45 21
6-8 21
4-1 21
9-8 21
1,25 21
6-5 20
101. 20
166 20
315 20
6.00 20
8.00 20
287 20
863 20
1216 20
327 20
1864 20
1898 20
914 20
321 20
1,75 20
142 20
1,85 20
20.15 20
451 20
1.500 20
938 20
178 20
158 20
417 19
248 19
167 19
3468 19
152 19
20,000 19
1812 19
4-6 19
1261 19
1908 19
163 19
5-1 19
414 19
.22 19
8-9 19
174 19
1870 19
1.0.0.0 19
16-17 18
1905 18
1888 18
3,4 18
364 18
1927 18
540 18
20-25 18
18.15 18
0,5 18
162 18
3,8 18
5-0 18
1906 18
15-16 18
406 18
617 18
60.000 18
229 18
7.00 18
390 18
1.5 18
10.15 18
630 18
1789 18
4,6 18
6,7 18
42. 18
463 18
1924 18
686 18
213 18
1881 18
299 17
316 17
2046 17
1,20 17
506 17
40. 17
2030 17
1904 17
5.30 17
234 17
4,2 17
0800 17
6-4 17
602 17
157 17
184 17
273 17
412 17
977 17
245 17
345 17
347 17
5,9 17
19.45 17
 17
218 17
825 17
413 16
009 16
2,1 16
1882 16
1893 16
255 16
11.45 16
139 16
313 16
5,6 16
4,50 16
13.45 16
470 16
18.45 16
148 16
1,70 16
149 16
231 16
15.15 16
1792 16
1850 16
6500 16
428 16
205 16
38. 16
君 16
50. 16
159 16
236 16
131 16
1408 15
8500 15
303 15
503 15
254 15
318 15
12.45 15
6-2-6 15
307 15
274 15
3,3 15
32. 15
993 15
880 15
319 15
173 15
862 15
16.15 15
246 15
22.45 15
6,4 15
4-3 15
314 15
45. 15
969 15
1814 15
8.000 15
45000 15
75.000 15
20.45 15
2029 15
176 15
970 15
0500 15
^ 15
403 15
410 15
10-1 15
2.30 15
342 15
33. 15
11.15 15
1878 15
9.000 14
988 14
.00 14
337 14
440 14
442 14
232 14
 14
1895 14
283 14
00.30 14
30-35 14
0400 14
238 14
6-70 14
416 14
200-300 14
90000 14
2166 14
194 14
2311 14
1250 14
2250 14
1903 14
11-12 14
288 14
3.0 14
259 14
460 14
989 14
13-14 14
.50 14
709 14
6-1 14
193 14
864 14
03.30 14
11,5 14
2,9 14
1897 14
295 14
35. 14
161 14
0,1 13
191 13
.44 13
267 13
23.45 13
725 13
634 13
1,21 13
612 13
224 13
613 13
020 13
747-8 13
è 13
376 13
9,8 13
242 13
333 13
800000 13
1889 13
08.45 13
8-1 13
164 13
286 13
256 13
780 13
960 13
1,1 13
243 13
2-6 13
350000 13
1492 13
2-9 13
9,9 13
3,6 13
669 13
525 13
.357 13
422 13
401 13
767 13
750000 13
1886 13
146 13
2-7-0 13
1871 13
328 13
177 13
7.000 13
0900 13
7-11 13
507 13
317 13
08.15 12
409 12
1,65 12
01.30 12
921 12
399 12
80-90 12
392 12
2,99 12
239 12
975 12
20-1 12
1340 12
607 12
1873 12
4-0 12
454 12
1-10 12
3,000 12
445 12
0,4 12
600000 12
753 12
 12
181 12
186 12
917 12
12-15 12
517 12
620 12
4,7 12
1820 12
6,50 12
2023 12
42000 12
935 12
5,8 12
930 12
1690 12
˜ 12
6-2 12
810 12
727 12
4,3 12
43. 12
714 12
437 12
760 12
40,000 12
196 12
44. 12
604 12
2018 12
702 12
14-15 12
968 12
2.00 12
20-24 12
326 12
070 12
133 12
07.45 12
700000 12
17000 12
621 12
36500 12
7-5 12
432 11
252 11
34. 11
010 11
1891 11
367 11
14.15 11
1890 11
189 11
59. 11
に 11
1861 11
361 11
570 11
1,95 11
3800 11
657 11
435 11
475 11
24.00 11
0.000 11
300-400 11
1,78 11
044 11
840 11
03.15 11
2019 11
920 11
154 11
395 11
35-40 11
1777 11
18-20 11
70-30 11
2.5 11
614 11
1879 11
1715 11
3.2 11
1002 11
2900 11
421 11
45.000 11
277 11
----------- 11
90.000 11
€ 11
324 11
14,5 11
294 11
46. 11
253 11
17-18 11
10-24 11
5,7 11
1892 11
2.500 11
329 11
3,14 11
4.00 10
40,5 10
75. 10
1,99 10
141 10
502 10
48000 10
02.45 10
4-4 10
980 10
090 10
9.45 10
861 10
.30 10
363 10
0,7 10
599 10
643 10
0,8 10
1867 10
120000 10
9,6 10
200,000 10
22.15 10
1877 10
05.45 10
30,000 10
14.000 10
60-70 10
441 10
1.30 10
985 10
821 10
7,50 10
490 10
377 10
1883 10
99,9 10
21.15 10
09.15 10
1845 10
515 10
1869 10
6126 10
7-10 10
27000 10
675 10
19000 10
3,25 10
1221 10
268 10
5,4 10
6.000 10
9-1-1 10
5.00 10
308 10
934 10
3-14 10
995 10
1855 10
972 10
3.30 10
827 10
3300 10
1-1-2 10
5.1 10
282 10
967 10
の 10
258 10
1862 10
179 9
5-600 9
770 9
17.000 9
872 9
10.45 9
257 9
332 9
600.000 9
10,50 9
153 9
3,99 9
355 9
1.2 9
346 9
427 9
21.45 9
55.000 9
1212 9
04.45 9
1894 9
516 9
542 9
289 9
341 9
680 9
505 9
1-7 9
0-2 9
100. 9
1821 9
15-0 9
65. 9
908 9
1059 9
1520 9
52. 9
9,3 9
447 9
2485 9
4,000 9
983 9
1884 9
10-13 9
987 9
912 9
271 9
41. 9
1791 9
1849 9
12,5 9
15.40 9
986 9
11.40 9
610 9
1-8-0 9
723 9
1350 9
718 9
335 9
796 9
050 9
2147 9
2549 9
1875 9
265 9
394 9
1868 9
1-9 9
07.15 9
353 9
6096 9
70-80 9
739 9
12,7 9
12-13 9
1,40 9
645 9
867 9
775 9
5.9 9
909 9
1846 9
514 9
351 9
40-0 9
0,9 9
--- 9
17.45 9
2571 9
1851 9
26-70 9
0,3 9
23.20 9
7,2 9
19,95 9
4,8 9
2024 9
30-0 9
4,4 9
228 9
472 9
36. 9
60,000 9
331 8
9-17 8
03.45 8
500,000 8
681 8
411 8
606 8
16.45 8
918 8
3.00 8
1859 8
1805 8
918. 8
6,8 8
13.15 8
60. 8
719 8
1840 8
057 8
12.10 8
408 8
266 8
455 8
0. 8
180000 8
42.000 8
384 8
6400 8
12.20 8
1830 8
642 8
3-3 8
567 8
381 8
36000 8
1,68 8
95000 8
900000 8
0,50 8
946 8
20.40 8
860 8
499 8
433 8
3947 8
0014 8
1750 8
170000 8
300,000 8
1835 8
7.62 8
9.20 8
3-6 8
426 8
462 8
765 8
2032 8
371 8
6-3 8
0-100 8
2.45 8
1,83 8
724 8
710 8
6.0 8
566 8
10-11 8
11500 8
998 8
3-1-5 8
2,25 8
705 8
96. 8
500-600 8
110. 8
90210 8
1857 8
486 8
5-7 8
045 8
263 8
952 8
24601 8
518 8
2294 8
584 8
5,75 8
23.50 8
4080 8
10.20 8
22-23 8
251 8
1874 7
16.20 7
385 7
955 7
8,6 7
3700 7
556 7
383 7
320000 7
1787 7
471 7
4900 7
99,99 7
4,95 7
349 7
23.15 7
809 7
1.80 7
619 7
2163 7
876 7
1010 7
09169 7
5,99 7
0,6 7
378 7
0,0 7
8,50 7
605 7
39,4 7
5,2 7
3,1 7
-------------- 7
09.25 7
12-14 7
0-2-0 7
284 7
4-2 7
39. 7
を 7
40-45 7
008 7
140000 7
7-1 7
5,1 7
40-15 7
543 7
3-5-0 7
8,3 7
915 7
1.200 7
712 7
4400 7
1315 7
429 7
8,7 7
1781 7
8,33 7
1201 7
13,5 7
978 7
701 7
831 7
64. 7
1896 7
1763 7
737 7
457 7
418 7
1275 7
5600 7
682 7
1,98 7
51. 7
571 7
1809 7
3.5 7
467 7
50-100 7
1950-2000 7
941 7
37. 7
866 7
391 7
0950 7
660 7
757 7
750.000 7
655321 7
4200 7
45-50 7
545 7
125000 7
510 7
356 7
4.0 7
24000 7
5-8 7
6.45 7
2-300 7
9-0 7
291 7
690 7
721 7
12.05 7
5-4 7
17.15 7
¼ 7
90. 7
001 7
387 7
09.45 7
030 7
22.000 7
6,2 7
547 7
487 7
264 7
0000 7
12,50 7
292 7
32000 7
37000 7
5.8 7
8.15 7
580 7
971 7
632 7
50-1 7
434 7
01.15 7
6,25 6
01.45 6
732 6
2-18 6
656 6
12-18 6
1804 6
3.18 6
1.3 6
8200 6
23.10 6
4.5 6
813 6
1836 6
1050 6
546 6
10-30 6
17.03 6
6,000 6
352 6
7300 6
003 6
13.000 6
1-9-5 6
1858 6
06.32 6
843 6
4600 6
903 6
19.20 6
1832 6
8,2 6
2-4 6
601 6
820 6
278 6
19.35 6
2021 6
423 6
700-800 6
1444 6
450000 6
000. 6
13500 6
100-200 6
1642 6
43,7 6
0.30 6
1730 6
808080 6
0300 6
3319 6
600-700 6
07.10 6
563 6
23.47 6
15,000 6
4022 6
67. 6
650.000 6
7-0 6
49,95 6
981 6
3400 6
9500 6
18-19 6
24.000 6
508 6
19-20 6
1-4-0 6
13000 6
10.25 6
1,72 6
848 6
14.25 6
70. 6
3312 6
3569 6
0-15 6
1872 6
80. 6
20.03 6
037 6
72689 6
890 6
693 6
16.42 6
14286 6
901 6
22,5 6
29,99 6
697 6
9,7 6
.25 6
776 6
≈ 6
4.50 6
104. 6
1745 6
15.50 6
3-1-0 6
1866 6
3.700 6
230000 6
この 6
3-13 6
3-0-0 6
1055 6
0-9-0 6
2.28 6
7,8 6
2-5-0 6
17,5 6
11.35 6
1602 6
800.000 6
169 6
2047 6
1815 6
31000 6
1220 6
4,25 6
て 6
0115 6
585 6
513 6
1837 6
7,6 6
10-10 6
436 6
7.15 6
741 6
443 6
954 6
3,95 6
1077 6
755 6
2315 6
5000. 6
485 6
7,62 6
06.45 6
6034 6
1456 6
382 6
1228 6
1605 6
984 6
23.17 6
1187 6
5506 6
11.20 6
535 6
1527 6
11-35 6
626 6
2.08 6
1066 6
1348 6
713 6
928 6
481 6
16-90 6
539 6
0,25 6
1775 6
23.14 6
º 6
11.9 6
39,60 6
70,000 6
11.000 6
2000-3000 6
544 6
1.00 6
924 6
974 6
1120 6
6-12 6
703 6
10,5 6
2104 5
931 5
2.6 5
1701 5
68. 5
4.500 5
898 5
846 5
1695 5
982 5
92. 5
1,57 5
1,58 5
1,79 5
さよなら 5
2-7 5
803 5
2054 5
524 5
590 5
19.000 5
276 5
439 5
1,93 5
379 5
01.37 5
そして 5
18.05 5
5.56 5
400. 5
9,1 5
2317 5
0-5-5 5
667 5
344 5
9,4 5
09.12 5
250,000 5
4319 5
11-11 5
1587 5
1333 5
43000 5
5,50 5
366 5
4747 5
15,5 5
10-50 5
756 5
9,95 5
1798 5
900.000 5
548 5
0,223 5
24-7 5
637 5
1020 5
7-9 5
1650 5
32,50 5
15.36 5
711 5
73199 5
7-6 5
7-5-3 5
43613 5
9-9 5
1729 5
740 5
5700 5
1746 5
0200 5
14,99 5
1,55 5
10.10 5
10,3 5
18.25 5
079 5
4,0 5
1430 5
2,342 5
845 5
3100 5
15-30 5
20-40 5
262 5
782 5
1-9-0 5
249 5
0,05 5
01.24 5
1825 5
10.12 5
2067 5
603 5
1230 5
942 5
459 5
5-3 5
6-0-7 5
3,9 5
110000 5
1819 5
2203 5
910 5
644 5
659 5
171 5
272 5
85000 5
933 5
3825 5
800-900 5
1019 5
2.09 5
1550 5
2022 5
56.4 5
541 5
468 5
465 5
0-0 5
887 5
9-4-6 5
1.0 5
6,3 5
16.000 5
802 5
19.04 5
973 5
1234 5
297 5
907 5
2319 5
22.25 5
07.03 5
17.55 5
1214 5
793 5
3428 5
10-2 5
115000 5
7-8-3-5 5
4587 5
966 5
1779 5
11-71 5
7600 5
2048 5
788 5
1834 5
22.20 5
1530 5
1,52 5
20.14 5
1-0-7 5
3-400 5
4-3-7 5
1,88 5
21.25 5
65-75 5
2027 5
3900 5
951 5
21.20 5
.308 5
07.05 5
2350 5
700,000 5
18.10 5
453 5
452 5
¢ 5
10-45 5
8.50 5
040 5
2098 5
250-300 5
1802 5
7.42 5
7-7 5
340.000 5
8.05 5
635 5
1-2-0 5
818 5
20.05 5
12.42 5
1681 5
1040 5
4421 5
9-10 5
609 5
2,10 5
4,20 5
0,2 5
334 5
450.000 5
09199 5
597 5
1060 5
708 5
687 5
244 5
5200 5
19.40 5
04.15 5
1000-2000 5
979 5
348 5
38,5 5
558 5
4028 5
5.0 5
6263 5
0001 5
359 5
1617 5
3,14159265 5
715 5
064 5
528 5
1844 5
01-13 5
54. 5
1.90 5
627 5
3-7 5
1215 5
19.15 5
1887 5
2-4-0 5
905 5
899 5
150. 5
8.1 5
623 5
763 5
38000 5
0-3-0 5
2-3-0 5
9221 5
806 5
1817 5
761 5
1070 5
2043 5
7,7 5
8472 5
03-07 5
819 5
57. 5
464 5
1003 5
744 5
.7 5
298 5
2,0 5
1006 5
4,75 5
11-0 5
707 5
1780 4
1,29 4
1675 4
16.17 4
23000 4
50-55 4
649 4
1349 4
904 4
.... 4
2,500 4
913840090 4
65-35 4
75-100 4
1,36 4
88. 4
565 4
3-12 4
833 4
11.50 4
5.45 4
1.100 4
7,99 4
684 4
00.00 4
0-6 4
10-7 4
1199 4
735 4
7.1 4
3067 4
.500 4
8.2 4
83. 4
5-20 4
280.000 4
22.50 4
1440 4
1118 4
005 4
³ 4
41,5 4
45472 4
19,5 4
85.000 4
91. 4
1108 4
722 4
150-200 4
22,50 4
5.7 4
483 4
12.06 4
801 4
18-42 4
9-1 4
504 4
790 4
482 4
269 4
814 4
48. 4
521 4
4-4-2 4
730 4
0830 4
925 4
552 4
561 4
2675 4
2814 4
10.55 4
1124 4
611 4
2643 4
5,3 4
2050 4
1521 4
1532 4
10-100 4
09.52 4
1660 4
10-14 4
.32 4
476 4
105.000 4
00.10 4
473 4
69-10 4
3109 4
よ 4
世界 4
いない 4
047 4
071 4
と 4
今 4
あっ 4
1328 4
2025 4
1,67 4
30-06 4
3,20 4
997 4
4,60 4
09.50 4
190000 4
388 4
22.10 4
1839 4
2,70 4
117. 4
19.55 4
4,99 4
9.15 4
851 4
3010 4
992 4
663 4
18.000 4
1056 4
23.37 4
102. 4
29000 4
150,000 4
2309 4
461 4
1843 4
1,15 4
18.33 4
11-73 4
1011 4
1385 4
21.40 4
72. 4
122,50 4
4711 4
1,63 4
1410 4
1831 4
369 4
400-500 4
1502 4
1012 4
270000 4
09.58 4
7.2 4
32.156 4
08-663 4
1470 4
2-8-0 4
00.01 4
8,000 4
3,22 4
19.57 4
6700 4
18.50 4
089 4
1442 4
2271 4
9.5 4
15.10 4
2040 4
1810 4
1209 4
113-44 4
281 4
47000 4
18.28 4
1610 4
579 4
02.10 4
1273 4
1636 4
1271 4
1299 4
1329 4
1369 4
21.34 4
13.34 4
18.22 4
38,3 4
1666 4
30-50 4
2-19-54 4
2-1-6 4
11.10 4
9.800 4
000-20 4
8-5-0-2-3 4
1801 4
1-2-5 4
1080 4
130000 4
15.55 4
093 4
4700 4
1594 4
47988 4
80-85 4
2119 4
03.10 4
551 4
08.20 4
386 4
1,42 4
20.55 4
22.04 4
21610559 4
7,65 4
01.21 4
1395 4
13.07 4
398 4
1235 4
09.40 4
3326 4
2301 4
3465 4
849 4
431 4
1211 4
035 4
4311 4
2-4-5 4
1852 4
374 4
784 4
48345 4
4331 4
----- 4
2000000 4
116,52 4
936 4
17.47 4
1,2,3 4
11.05 4
350.000 4
23.05 4
444 4
120.000 4
948 4
279 4
04.16 4
1322 4
2.700 4
1816 4
2-0-0 4
769 4
2056 4
396 4
947 4
20.32 4
857 4
26000 4
7,9 4
39,5 4
9.95 4
22.01 4
2501 4
6.50 4
787 4
9.05 4
3000000000 4
10.50 4
2,75 4
23.000 4
0-0-0 4
29.5 4
855 4
662 4
11.43 4
.380 4
932 4
1634 4
1794 4
1651 4
08.05 4
11.42 4
586 4
98-01 4
1720 4
734 4
5-13 4
1316 4
38,9 4
027 4
10.42 4
08. 4
9085550187 4
4100 4
8800 4
1461 4
7-4 4
10-54 4
15-21 4
40-60 4
9300 4
9-12 4
100-150 4
2130 4
10-80 4
3901 4
7,3 4
33.000 4
1501 4
05.02 4
18.42 4
506. 4
7-3 4
0-3 4
1,62 4
014 4
15.27 4
372 4
000,00 4
14.35 4
2.50 4
20.57 4
3-9 4
0530 4
10.03 4
94107 4
14.40 4
07.20 4
1,35 4
06.15 4
338 4
1210 4
9.17 4
5300 4
130.000 4
30,5 4
854 4
 4
146-8729 4
1760 4
112. 4
489 4
2650 4
4773 4
43,5 4
835 4
1007 4
060 4
.223 4
1435 4
5-2 4
1648 4
6822 4
50-30 4
`58 4
1460 4
3-4-3 4
416-397 4
5,56 4
1853 4
28,5 4
5-5 4
17.11 4
0-5-0 4
14-28 4
1793 4
500. 3
10.44 3
1272 3
21.16 3
6149 3
22.27 3
1682 3
17.05 3
0.6 3
959,175.224 3
958,93.6735 3
8950039 3
19.59 3
0-30 3
959,93.6735 3
961,175.224 3
4-5000 3
446 3
05.40 3
16.58 3
50,5 3
21.07 3
5050 3
726 3
2.3 3
6312 3
1847 3
13.05 3
43,000,000 3
37,8 3
15-18 3
4,79 3
745 3
6040 3
280000 3
1339 3
14,50 3
72000 3
430000 3
01.04 3
43.125 3
572 3
041 3
17,50 3
18.29 3
8.20 3
14.03 3
03.07 3
03.08 3
419 3
1,73 3
526 3
16-18 3
08.40 3
12,99 3
13,7 3
18.58 3
1765 3
1848 3
1160 3
9-9-9 3
.40 3
21.17 3
4602 3
631 3
2.99 3
1297 3
16.22 3
08.33 3
2.95 3
2173 3
877 3
45.40 3
557 3
7,4 3
1,77 3
10-25 3
36383 3
762 3
4750 3
3.20 3
333. 3
22.32 3
1.9 3
52000 3
2523301 3
25,000 3
7030 3
1225 3
1498 3
06.11 3
4-2-4 3
08.56 3
549 3
674 3
5160 3
8-17 3
9301 3
336 3
0,45 3
7,75 3
2439 3
14.08 3
00.05 3
1590 3
1575 3
1008 3
1313 3
30-15 3
8.40 3
916 3
72688 3
671 3
07.01 3
1480 3
6-2-4-9-8-7 3
56.2 3
47391,2 3
19.21 3
125-614 3
12.04 3
0.00 3
1323 3
582 3
5271 3
1.72 3
94.3 3
1239 3
3.300 3
87,2 3
15.05 3
1.6 3
1254 3
1.685 3
1487 3
400,000 3
919 3
22.03 3
08.27 3
1203 3
2-6-0 3
.338 3
0-3-5 3
300-1 3
2,95 3
360,000 3
10,25 3
9.75 3
35-36 3
0,02 3
23-24 3
9-5 3
107. 3
225,6 3
88,5 3
1,500 3
17-19 3
2368 3
04-15-71 3
0-1-4 3
4-8-7-2-6 3
6.2 3
9.34 3
2-2-0 3
09.13 3
11.32 3
02.20 3
18.57 3
1039 3
3000. 3
2999 3
1772 3
7170 3
2703 3
013 3
23.06 3
1420 3
90206 3
706 3
18,6 3
16.2 3
0,35 3
8894 3
4,58 3
3403 3
1-33 3
2411 3
18.31 3
4242022634 3
07.12 3
10-52 3
3301 3
14,2 3
1-3-5 3
2-11 3
5263 3
622 3
2150 3
1795 3
2452 3
05.55 3
15.14 3
14.47 3
2590 3
23.40 3
095 3
28000 3
373 3
32,65 3
06.40 3
440000 3
1485 3
670 3
3458 3
15.20 3
55. 3
805 3
12.38 3
667,84 3
6251 3
7200 3
4227 3
0.7 3
678 3
789 3
3-3-0 3
7.5 3
8,8 3
731 3
1643 3
1842 3
3210 3
400.000000 3
300.000000 3
36,28 3
119. 3
21,4 3
0,93 3
75-80 3
で 3
3.4 3
91.10 3
99,8 3
1445 3
15.13 3
906 3
1598 3
03.20 3
20.52 3
647 3
86. 3
13-40 3
4-15 3
051 3
20.35 3
24-36 3
1043 3
28.000 3
7244 3
16,50 3
1517 3
4-7 3
92000 3
1,30 3
0,6000 3
0,1000 3
10,10,190,230,100,400 3
16-1 3
185000 3
98-13 3
550000 3
19.50 3
20-20 3
537 3
965 3
0027 3
695 3
555-4085 3
10-19 3
261 3
53,7 3
959 3
2550 3
3.45 3
02.15 3
2207 3
18.04 3
18.03 3
23.07 3
661 3
2026 3
02.35 3
80-100 3
1623 3
976 3
1-12 3
20.12 3
15.2 3
00.35 3
10549 3
1184 3
3012 3
994 3
31174 3
23-29-15 3
8-7 3
49419 3
300. 3
17.32 3
424 3
3201 3
55-60 3
1336 3
1278 3
23.03 3
80,000 3
084 3
30-30 3
4300 3
575 3
1813 3
885 3
1327 3
23.59 3
08.04 3
2063 3
795 3
1511 3
12-08 3
21.35 3
6,560 3
9600 3
42,50 3
1140 3
23.55 3
1141 3
160000 3
1274 3
1.70 3
2127 3
4-5-1 3
14-7 3
275000 3
636 3
2.8 3
7.22 3
3-5-4 3
24-25 3
9200 3
07.55 3
504-555-0130 3
007. 3
10.48 3
90291 3
31259 3
103,7 3
09.10 3
17.25 3
3-4000 3
1009 3
96000 3
19.5 3
716 3
2.41 3
1824 3
1818 3
160.000 3
5800 3
6030 3
807 3
5241 3
5-8-3-9 3
3417 3
926 3
18.20 3
852 3
2180 3
11.58 3
14.33 3
18500 3
052 3
4243 3
16-11 3
2330 3
1596 3
2619 3
133.42 3
3-70 3
95-94 3
22.42 3
6200 3
1213 3
16-20 3
847 3
1508 3
20.25 3
1618 3
13-01 3
15-40 3
90-100 3
1601 3
6-6 3
42,5 3
8,4 3
2218 3
21.37 3
1.75 3
8900 3
3000-4000 3
98. 3
12,000 3
1630 3
18.500 3
10-11.000 3
13.20 3
0700-44-39-91 3
19,99 3
0945 3
4,9 3
60-80 3
5-1-6 3
7-5-9 3
1560 3
4.700 3
010-04 3
106. 3
6468 3
2206 3
8713 3
140.000 3
2996 3
2-4-1-9-6-0-3-4 3
07.13 3
23,5 3
23-1 3
9.40 3
200-250 3
1298 3
1773 3
14.20 3
791 3
7-2 3
21.13 3
77000 3
22.37 3
14.01 3
10-9 3
2-9-0 3
116. 3
20.01.2014 3
648 3
1.600 3
1671 3
11.25 3
1811 3
1121 3
3,75 3
09.23 3
6-700 3
7010 3
3004 3
9100 3
1735 3
12,8 3
23.52 3
4176 3
30-70 3
15.25 3
562 3
11.23 3
21.47 3
07.37 3
12,2 3
15,50 3
20-10 3
536 3
49. 3
18,5 3
397 3
5-4433 3
036 3
1640 3
8,95 3
01.20 3
37,7 3
17.40 3
95. 3
8134 3
41,7 3
47,5 3
10-8 3
65000 3
0-6-0 3
628 3
10-60 3
1,82 3
1718 3
2835 3
10-32 3
58. 3
1721 3
16.29 3
5.20 3
841 3
1833 3
752 3
1150 3
759 3
1095 3
10.27 3
10,9 3
20.50 3
55000 3
10,4 3
1803 3
15,2 3
600-800 3
7,25 3
1723 3
1788 3
200. 3
368 3
21.18 3
1632 3
2,13 3
17.36 3
5230 3
5312 3
19-17 3
1132 3
2268 3
816 3
9,000 3
11,000 3
5.6 3
1854 3
1-5-1 3
006 3
6.15 3
2-3-5 3
692 3
1580 3
9999 3
145000 3
743 3
90,1 3
1826 3
18.12 3
065 3
492 3
1280 3
18.02 3
10.35 3
004 3
16.27 3
2,07 3
4,30 3
12,3 3
523 3
09.41 3
655 3
48308 3
37,5 3
882 3
93. 3
1565 3
12-12 3
17.02 3
3506 3
0.1 3
118-62 3
9.10 3
830 3
4667 3
10.02 3
2.1 3
1192 3
1827 3
1290 3
2103 3
1822 3
109.9 3
3-4-7 3
2920 3
12-17 3
773 3
49-50 3
1170 3
640.000 3
896 3
9.1 3
8.5 3
16.40 3
20.24 3
22.41 3
8976 3
555-1342 3
804 3
522 3
836 3
5150 3
1342 3
1370 3
97,51 3
1719 3
6.5 3
88,6 3
17-0 3
1670 3
3814 3
19.25 3
892 3
10-33 3
 3
629 3
37,6 3
22.55 3
06.35 3
64741 3
1344 2
2,35 2
02.25 2
11.04 2
14.12 2
9982 2
47-46 2
475000 2
1-1-3 2
8790 2
1-6-0 2
.05 2
36-24-36 2
3130 2
2647 2
08.25 2
16-2098-12 2
78,60 2
22-25 2
003.691 2
01.52 2
3720 2
593 2
653 2
1578 2
1.300 2
5-3-2 2
9.32 2
06.43 2
2,20 2
5.700 2
35,4 2
36,9 2
2258.42 2
0,0003 2
212-851-3122 2
17.43 2
32018 2
11.08 2
9.45.22 2
72871 2
3-0-0-3 2
1-0-0 2
8.10 2
3.800 2
22,8 2
1785 2
17.17 2
14.50 2
6,95 2
00.20 2
1539 2
3,23 2
3-1-6 2
029 2
5.05 2
700.000 2
2340 2
1406 2
06.53 2
000-200 2
7281 2
23500 2
09.01 2
20.17 2
20.10 2
03.42 2
1536 2
6.600 2
1987-88 2
7.500 2
8-11 2
7-1-1 2
22.46 2
0,75 2
.000 2
6028 2
6008 2
1,92 2
2.03 2
2263.2 2
10-31 2
3,2,7,2,9,3,0,5,0 2
0,9,0,5,4,2,4 2
2160 2
031 2
1523 2
27,50 2
299,99 2
10.18 2
24-48 2
21.7 2
18166 2
5-15 2
.90 2
17.50 2
2.75 2
15.47 2
15.46 2
022 2
2682 2
10.46 2
14,8 2
09.55 2
9003 2
20-30000 2
3.25 2
0245 2
4-5-8-7 2
37,34 2
1376 2
1535 2
36,18 2
1334 2
114,25 2
8600 2
9,94 2
11,6 2
178000 2
215. 2
04.40 2
25-75 2
1,48 2
21.52 2
1131 2
14-16 2
115,2 2
2-8-6 2
449,67 2
5- 2
31-0 2
458,27 2
132. 2
554 2
2178 2
18.41 2
7000-8000 2
1139 2
16.35 2
0.41 2
7-14 2
3.15 2
1.50 2
6347 2
18.18 2
31305 2
18-24 2
3.7 2
8-40 2
749 2
13.57 2
171811120 2
7-20 2
877-504-8423 2
10.04 2
19.43 2
19.48 2
10.47 2
21.48 2
105,3 2
42-10 2
2610 2
1183 2
400-450 2
76,5 2
07.40 2
17,2 2
13,2 2
---- 2
10600 2
3-18 2
42-0 2
2,45 2
20.21 2
505-242-7700 2
1,19 2
415-864-0256 2
17,10 2
1-0-3 2
13.44 2
670000 2
1099 2
0,22 2
06.21 2
1137 2
19.49 2
3-3-3 2
1984-2000 2
2-3-1 2
13.21 2
39.49 2
0730 2
21.000 2
2.221 2
0,009 2
2213 2
92-93 2
16.50 2
1526 2
28-1 2
425000 2
13,95 2
7-1-8-5-5-5-2-4-7-3 2
3432 2
650000 2
08.52 2
02.18 2
62. 2
1731 2
32.000 2
17.576 2
2058 2
1.1 2
1998-2000 2
2,60 2
12-22 2
.37 2
.458 2
14,7 2
4749681999 2
9-3 2
0-10.00 2
1724 2
591 2
31058 2
10-37 2
480.000 2
12250 2
00.000 2
1726 2
6198 2
67000 2
60-70000 2
190.000 2
36-7 2
2131 2
1.07 2
766 2
449-6 2
3,35 2
042 2
3,47 2
23.02 2
3.09 2
7436 2
1296 2
6,35 2
260.000 2
12-10 2
11-34 2
14.800 2
25,1 2
9,60 2
160,000 2
89,3 2
3.95 2
13.54 2
4739 2
1790 2
39,95 2
1104 2
2-08 2
12-1 2
12.12 2
714-3432 2
679 2
884 2
086 2
1300000 2
49.95 2
01.33 2
202-555-0151 2
1841287 2
25505 2
902 2
1823 2
28,35 2
18.2 2
9141 2
323-248-8049 2
46000 2
125. 2
3,0 2
6.7 2
1-2-4 2
2-9-5 2
830000 2
.75 2
4.46 2
1260 2
...... 2
1,76 2
2210 2
0091 2
09531 2
175000 2
12.55 2
360000 2
0-45 2
0-20 2
015 2
92,3 2
2380 2
4-5-7-2 2
14,3 2
3.1 2
47,2 2
1148 2
16.33 2
03.06 2
15,6 2
2120 2
35,045 2
2.7 2
1428 2
0024 2
0023 2
53-0 2
9800 2
20-44 2
10-01 2
1620 2
1438 2
15-45 2
786 2
2376 2
3007 2
2710 2
478 2
310-552-99-35 2
1-3-1-2-7-8-8-7-1 2
1796 2
555-0125 2
736 2
149,90 2
3397-2 2
2,72 2
43,2 2
3598 2
7.3 2
3-2-4 2
2765 2
11.18 2
11.53 2
1994-95 2
10-95 2
1493 2
06.17 2
5-25 2
34.88 2
8-15 2
22.14 2
2154 2
26.000 2
23.41 2
15,8 2
8.32 2
7041 2
11.33 2
9.35 2
13.35 2
13.02 2
3112 2
15,20 2
12.50 2
12451 2
18.44 2
08.34 2
3890 2
9833 2
826 2
243000 2
002 2
2041 2
5400 2
72,8 2
06.44 2
84. 2
1619 2
133,7 2
1528 2
41000 2
4755 2
321. 2
1658 2
1645 2
02-04-09-01 2
1709 2
04.32 2
0-40 2
4212 2
0-4-5 2
6600 2
5900 2
6-1-1-1 2
5.15 2
ì 2
2.05 2
0,300 2
1514 2
11.44 2
17.35 2
779 2
1.800 2
616 2
17.23 2
2-2-4-9 2
23.57 2
1759 2
19.32 2
1668 2
21.12 2
1-05 2
9412 2
4215 2
1.73 2
2,47 2
953 2
21.33 2
16-7 2
98-3 2
22.40 2
06.26 2
97,2 2
3650 2
76000 2
202-227-0098 2
0,004 2
500-1 2
73. 2
1-2-7 2
2038 2
1563 2
06.10 2
479 2
75.3 2
6,700 2
2.40 2
105.4 2
3509 2
.454 2
02.14 2
878 2
32,1 2
1,06 2
618 2
858 2
02.42 2
7.03 2
4650 2
89-90 2
93,3 2
.6 2
16.10 2
9293 2
5212 2
5595 2
1.58 2
120,000 2
40-30 2
9-16 2
225.000 2
200000-300000 2
6-7000 2
22.05 2
2,05 2
18.39 2
21.08 2
0,00004 2
06.06 2
2-1-2 2
589 2
13,1 2
646 2
5-5-5 2
11.11. 2
10-27 2
0-2-4 2
3-10 2
2,68 2
16.11 2
587 2
6800 2
62581 2
1708 2
04.25 2
0-60 2
84.000 2
4,80 2
4,90 2
25-12 2
1740 2
9,98 2
3,98 2
1,47 2
37,65 2
91,5 2
1638 2
1018 2
12.2003 2
02.08 2
1269 2
15.22 2
6012 2
2045 2
68,5 2
1647 2
8507 2
40-50000 2
10961 2
18,50 2
461-0192 2
1429 2
2304 2
1000000 2
484 2
10,7 2
2.200 2
164. 2
02.33 2
9-2 2
1574 2
2727 2
6,57 2
1,89 2
5453 2
5826 2
19.58 2
15.58 2
86,000 2
1540 2
08.37 2
2286 2
20.13 2
456 2
220000 2
000-50 2
4.95 2
000.2 2
94,9 2
2312 2
2,34 2
80012 2
2813 2
4.45 2
121,6 2
685 2
1922-2010 2
750,000 2
2159 2
509 2
4-23 2
122000 2
3040 2
2997 2
19,6 2
10-15000 2
4942 2
15,3 2
1505 2
58.9 2
3-2-2 2
0,23 2
812 2
05.10 2
792 2
362 2
16.43 2
201,6 2
879 2
112,40 2
066 2
80-20 2
149,50 2
555-55-55 2
17500 2
1036 2
1606 2
7.10 2
4,1 2
1758 2
10-17 2
2240 2
1665 2
724000 2
.364 2
5000000 2
689 2
2,89 2
20.43 2
818-2 2
217-67 2
7.63 2
299.99 2
4456 2
92,7 2
04.50 2
2,15 2
19.27 2
18.21 2
704 2
2401 2
9.50 2
6991 2
04.35 2
1692 2
27-09-69 2
18-06-68 2
.556 2
31-08-68 2
22.33 2
135000 2
72,5 2
20.01 2
10-73 2
11111 2
15-17 2
20.64 2
­ 2
2.53 2
22.26 2
03.27 2
0,47 2
1301 2
12,6 2
8967 2
05.05 2
6-10 2
10.40 2
10-29 2
05.25 2
527 2
1332 2
062 2
598 2
03.01 2
000-4 2
25,5 2
18,30 2
458923 2
150-160 2
73,5 2
3,60 2
48-46 2
8-7-0 2
18,23 2
3047 2
0-1-9-4-6 2
1049 2
200.000000 2
491 2
9.28 2
02.17 2
50000.000000 2
8.0 2
4003 2
9212 2
729 2
23-06 2
08.54 2
61345 2
1387 2
1676 2
33.3 2
32-34 2
5.16 2
14.49 2
555-0158 2
09.27 2
0,04 2
09.35 2
だ 2
25-2 2
16.32 2
2328 2
こと 2
は 2
行く 2
時 2
2507 2
7.01 2
8808 2
048 2
074 2
774 2
12.3 2
10-55 2
08.59 2
799,95 2
1219 2
5-14 2
89.6 2
0,000 2
18-25 2
370000 2
58.10 2
3366 2
9903 2
34677 2
16.52 2
16.37 2
4,89 2
4619 2
18-5 2
62,5 2
13,33 2
74. 2
1017 2
1653 2
2642 2
1303 2
18-34 2
0,76 2
00.15 2
3.40 2
3.38 2
519 2
07.35 2
8-2 2
89. 2
21.59 2
893 2
20,60 2
894 2
03.35 2
4970 2
800,000 2
559 2
3,49 2
75517 2
1031 2
.105 2
76,8 2
08.21 2
49,99 2
3219 2
71,8 2
06.42 2
2-1-4 2
12-16 2
0-7-5 2
0-1-0 2
2-2-5 2
1706 2
17.12 2
2735 2
3.03 2
1389 2
99.9 2
01.03 2
555-2649 2
3.8 2
0,38 2
14.26 2
3108 2
12.23 2
13.24 2
991 2
22.09 2
15-6 2
73,8 2
180.000 2
.1 2
4.20 2
1-0-4-9-3-3-1 2
53,92 2
35-0 2
641 2
1838 2
5855 2
1,32 2
1607 2
23.16 2
12-72 2
10-99 2
1045 2
1-8-5 2
96,6 2
08.13 2
0-8-0 2
1-2-0-9 2
20-21 2
1432 2
1753 2
000-40 2
94,0 2
08.42 2
3-2-3 2
2.25 2
903921 2
3-4-0 2
3003 2
8-4 2
16.25 2
24919 2
85307 2
12.7 2
08.31 2
15.42 2
1380 2
5.4 2
2.2 2
9945 2
16.500 2
430.000 2
3-0-2-3 2
8618 2
9888 2
1-800 2
10.59 2
21.43 2
14.05 2
00.06 2
04.28 2
22748 2
06.22 2
11-8-19 2
39,2 2
555-2130 2
3-3,5 2
1,26 2
3-17 2
6-18 2
46,2 2
05.17 2
00.09 2
1320 2
55-65 2
62000 2
1-8-6 2
2371 2
06.46 2
2-6-9 2
22.10. 2
123-025-3964 2
4-2-4-7-4 2
11.06 2
179. 2
99. 2
931-0770 2
555-8643 2
06.28 2
6765 2
89000 2
23.31 2
828 2
11.47 2
817 2
14.48 2
458 2
6214598 2
7520420 2
01.31 2
240.000 2
834 2
1971-72 2
069 2
18.35 2
07.31 2
0740 2
10,1 2
17,500 2
2-50 2
2364 2
5894 2
1472 2
886 2
0,01 2
6.25 2
72.000 2
347229 2
2293 2
3.3 2
68,64 2
2351 2
2322 2
1828 2
28,73 2
2367 2
961 2
11.39 2
1,59 2
85-90 2
05.29 2
14.13 2
859 2
05.51 2
19,83 2
1-1,5 2
15-2 2
15-4 2
2-8-7 2
0-0-2 2
2404 2
15250 2
6.27 2
25.10 2
1,69 2
1004 2
1928-29 2
1,800 2
4880 2
5027 2
1180 2
6.75 2
0.45 2
2102 2
.36 2
1418 2
9,0 2
12.14 2
4-56 2
40,6 2
608 2
798 2
664 2
21.42 2
80-15 2
2033 2
783 2
824 2
09.06 2
22.34 2
0840 2
3.9 2
1.25 2
14.32 2
85150 2
320.000 2
2-6-2 2
4.6 2
1-8 2
250-270 2
6131 2
2.100 2
9,97 2
2221 2
3317 2
1032 2
13,9 2
3013 2
0100 2
10725 2
2.850.000 2
22,1 2
39,1 2
22.59 2
4927 2
9.18 2
1966-67 2
35.226 2
2316 2
00.38 2
4126 2
9,28 2
1190 2
153511508 2
3657 2
9.6 2
83000 2
86000 2
15.08 2
782,00 2
20.08 2
8.35 2
1404 2
45,2 2
55,80 2
3-2-1 2
6095 2
1856 2
10-200 2
785 2
6,60 2
26372 2
06.20 2
7382 2
0011 2
5025 2
651 2
633 2
65-70 2
1.4 2
5,58 2
3-25 2
2473 2
1782 2
0.17 2
02.03 2
7700 2
12874 2
142. 2
6.8 2
30.275 2
81.462 2
17.01 2
63. 2
1191 2
08.43 2
1739 2
8-7-3 2
3602 2
2471 2
21.38 2
1714 2
573459-83 2
5000-6000 2
99,999 2
36.2 2
1054 2
23.1 2
13.33 2
42,7 2
13.03 2
555-01 2
199,99 2
07.52 2
 2
8,48 2
433.000 2
3-2-5 2
51,6 2
1-7-0 2
5003 2
1732 2
63389 2
3389 2
70-75 2
39,99 2
1693 2
5101 2
19-60 2
2.631.784 2
7,28 2
01.22 2
18.36 2
8,1 2
00.03 2
90,000 2
20.23 2
3,16 2
8.55 2
18.40 2
13-15 2
1655 2
355000 2
1240 2
511 2
2055 2
10,8 2
76. 2
5,60 2
4708000 2
3-20-58 2
2525 2
20-08-98 2
2.4.8 2
13.29 2
18,3 2
11,7 2
1679 2
01-204 2
133. 2
23.58 2
.9 2
2,80 2
1.2.3 2
3,80 2
3,40 2
829 2
000-2 2
4-12 2
837 2
3.10 2
2,30 2
96-95 2
8-5-6 2
6241 2
1114 2
187300 2
2476 2
26,9 2
0,74 2
6.1 2
11.14 2
14-3 2
09.20 2
350-400 2
2184 2
3321 2
43.000 2
1300. 2
1156 2
758 2
78499 2
40,3 2
40,7 2
73,6 2
95.000 2
4-9 2
581 2
111. 2
822 2
9-14 2
35-50 2
1674 2
41,1 2
6,75 2
1425 2
06.09 2
1,05 2
671-0837 2
2035 2
0930 2
212-555-9898 2
1994-1995 2
3496 2
7.45 2
8,0 2
8.02 2
96.3 2
477 2
23.53 2
2-300.000 2
07.09 2
212-555-0159 2
2-8 2
14.14 2
1178 2
22.23 2
1-9-3-3-4 2
21.26 2
19.23 2
5.900 2
4-8 2
3-4-5 2
06.12 2
03-06 2
20.37 2
2378 2
98,6 2
1038 2
1717 2
25-35 2
18.17 2
10.32 2
466 2
1683 2
963,93.6735 2
51.000 2
5083 2
17.33 2
958,168.612 2
958,92.5714 2
959,168.612 2
961,91.4694 2
3.99 2
17-20 2
1654 2
2960 2
6-1-5-7 2
10.43 2
1713 2
517. 2
9.42 2
728 2
6,1 2
16.38 2
98,9 2
38802 2
1712 2
1698 2
01.12 2
44-6 2
90-10 2
15.35 2
9220 2
17.20 2
36,2 2
022-12 2
36-37 2
227. 2
5-6-9-6-4 2
1217 2
94,1 2
1748 2
075 2
68000 2
1576 2
78,50 2
.06 2
1829 2
8583 2
52,27 2
6809 2
5-7000 2
4550 2
1,37 2
.41 2
20.20 2
2976 2
380.000 2
0,92 2
2-5-1-22 2
823 2
0,95 2
0,98 2
1616 2
0,99 2
922 2
1,400 2
284600 2
3487 2
1136 2
592 2
4020 2
29,95 2
296 2
310275 2
7458 2
0,03 2
22.47 2
1098 2
27.5 2
2112 2
2036 2
4.000.000 2
19.37 2
3154 2
10,000,000 2
080 2
04-36 2
4,5-5 2
6005 2
10.34 2
2,04 2
10.30-12 2
† 2
10.37 2
538 2
6,9 2
37294 2
26,5 2
4133 2
7820 2
2065 2
8883 2
50,6 2
14.23 2
733 2
2,74 2
1155 2
588 2
962,87.0612 2
26022 2
18-15 2
1551 2
10024 2
2106 2
8760 2
8740 2
19.02 2
3867 2
1516 2
7,84 2
257,4 2
1096 2
27.000 2
3680 2
1963-1975 2
1089 2
20-23 2
08.55 2
3-600 2
2.06 2
1755 2
4433 2
16.23 2
22.48 2
972086 2
1,10 2
36200 2
2500000 2
10-0 2
.55 2
13.14 2
832 2
10-98 2
555-4211 2
3-11 2
1589 2
771 2
903472568 2
17.49 2
1996-97 2
1058 2
000-30 2
3204 2
17-16 2
34-14 2
58966 2
990-69-47 2
37,0 2
03.13 2
8-5 2
19.56 2
4541 2
79,95 2
46751 2
26354 2
9703 2
60-65 2
6492 2
1288 2
1-7-4-3-0 2
74,5 2
1.20 2
13,67 2
1324 2
19.05 2
7132 2
3402 2
0704 2
1-6-4-1-7 2
5944 2
12.27 1
4-5-4-0-1-8-9 1
801.08 1
3505 1
3124 1
11286 1
3217 1
59,4 1
2500-3000 1
0-4-9-8-3 1
1835,20 1
44-077-0090-0488 1
5433 1
1365 1
51224 1
48632,4 1
3652 1
14.46 1
46,7 1
108,3 1
2,06 1
3.452 1
4374 1
1284 1
1-4-8-9-2 1
1,618 1
20-28 1
6.05 1
20.14.32 1
70946,12 1
1-2-25 1
3525 1
47427 1
1270 1
72,11 1
10.750 1
7884 1
1.440 1
3-2-0 1
3950 1
15.4 1
03,741 1
3649 1
ⓡ 1
310-215 1
1.800.015 1
133,70 1
574 1
18554 1
1-1-1-1 1
42-90 1
1111 1
879000 1
2034 1
915-30-1717 1
12-25 1
3.36 1
11,741 1
202-251-6258 1
655-321 1
1000-931 1
22.38 1
02.09 1
1500,42 1
306003894 1
1176 1
389 1
5-1865 1
6997 1
8.48 1
7.7.2012 1
1941-1943 1
272. 1
235-237 1
15-8 1
11509 1
7955 1
1403 1
33,6 1
1942-2013 1
13.40 1
1263 1
12.28 1
19.10.2013 1
1202 1
81652 1
011 1
850-900 1
653-216 1
1475 1
9112012 1
4,32 1
2105 1
17959 1
32.56 1
16.200 1
6734 1
12.32 1
75.0148 1
3-5-1 1
31-35 1
9-15 1
40-6 1
2,18 1
36,4 1
1.36 1
2152 1
50-55000 1
3,407 1
1971-2011 1
04.13 1
718-555-0012 1
0851 1
06.07 1
500-1000 1
6,5. 1
924386 1
40.7513 1
07.54 1
47829 1
08.32 1
29,925 1
24987 1
1995-1998 1
19.31 1
02-24-82 1
.0 1
1482 1
41798.2 1
8634 1
5914 1
464,8 1
464,3 1
7876 1
463,9 1
503,7 1
18,95 1
655-8765-871 1
21218 1
2806 1
6246 1
124,5 1
6580 1
6-0-6 1
3-87 1
9401 1
08.12.2012 1
2961 1
814400 1
30240 1
3794 1
12.53.08 1
12.53.48 1
107000 1
9-18 1
19-18 1
32-17-25 1
2564 1
16.04 1
11,38 1
59.26 1
365.9 1
8,5,5,0,3,6,6 1
1957-59 1
0,8,0,1 1
235,7 1
24562,47 1
294,5 1
4415 1
18.11 1
57.00 1
294,6 1
59,95 1
2.29 1
47611,2 1
2688 1
355467,90 1
8224 1
903.2 1
058 1
41986.0 1
2-29 1
20.36 1
10-23 1
00474711 1
1068- 1
45843253 1
41997,7 1
358 1
6024 1
67,6 1
10-96 1
9.46 1
3,85 1
23.04 1
438 1
094 1
402. 1
851,69 1
47423,9 1
851,67 1
2.205 1
2.119 1
10.1949 1
18870 1
138.000 1
17.42 1
111111 1
12.700 1
9.227 1
343.000 1
443,7 1
112000 1
11.48 1
7,63 1
............. 1
74-75 1
820,07 1
1117 1
1175 1
212-00-7814 1
5-0-2-0-7 1
07.14 1
1.084 1
1.075 1
1065 1
7,90 1
31.230 1
067 1
3645 1
34991 1
8-2-5 1
6-3-0 1
1034 1
93185 1
4.24 1
2625 1
11.36 1
79,25 1
24-4 1
07.21 1
3701 1
9,59 1
25022 1
89970 1
112,50 1
15.19 1
180,000 1
698000 1
6479 1
185,000 1
45-70 1
06.52 1
09.22 1
40-100 1
742 1
1168 1
621802 1
517265 1
5755 1
7,87 1
310-555-0162 1
800007 1
47869 1
30-13 1
44,2 1
3804 1
61000 1
9-3-3 1
1402 1
5500-10 1
5536 1
19.22 1
.12 1
83.85 1
92581 1
1384 1
093-05-1120 1
930-05 1
9251 1
1975-76 1
13663 1
610-555-7682 1
14.17 1
90-92 1
68521 1
08.14 1
9854.63 1
2589 1
10.01 1
9281 1
27,18 1
1,71 1
11034 1
1,852 1
10.05 1
91-36-95 1
72,80 1
1205 1
16.08.1915 1
0,28 1
29.4.1993 1
555-0122 1
4582 1
4912 1
555-7653 1
06.29 1
22.011 1
0219 1
158540 1
8288 1
5.5.3 1
2346 1
6,18 1
15.43 1
51-50 1
1278-1945 1
11579 1
2264 1
43.6 1
1490 1
86.000 1
401-2-3 1
18-18 1
2985 1
1,03 1
0199199- 1
0,029 1
97896 1
39-10 1
02.27 1
9022 1
00-01 1
15715 1
18.00-18.30 1
09.07 1
6852 1
39-1 1
00.18 1
6,27 1
10013 1
01.58 1
01.57 1
27-23 1
5552401 1
5.99 1
5-4-1 1
2231970 1
17.53 1
9,48 1
8088 1
18.09 1
17.57 1
08.24 1
072099 1
8611 1
5751 1
12,59 1
2237 1
99-94 1
3302 1
0-365 1
984. 1
1555 1
49.000 1
1-5-9 1
78011 1
1122 1
3339 1
800-588-2300 1
1685 1
17-44-4-26-37-40-22 1
5,55 1
18.38 1
18.59 1
2094 1
50-60. 1
40-26 1
47566 1
1-4-5 1
90-90 1
0,32 1
34500 1
646-555 1
646-555-0149 1
341000 1
3,55 1
4876 1
1459 1
64636 1
1-4-7-7 1
0,076 1
370,5 1
0-7 1
1437 1
2091 1
2.724 1
0405 1
38,91 1
7-4-0 1
33,78 1
7,09 1
12,06 1
5152 1
16.53 1
0,0509 1
8434 1
1774 1
25.1.2015 1
79.4 1
43-40 1
1317 1
699 1
14.55 1
483727 1
75,000 1
1.060 1
1.059 1
10322 1
4808 1
4259 1
3679 1
1393 1
8859 1
21.36 1
6-14 1
2220 1
4598 1
77603000 1
07.50 1
99.4 1
14.441 1
49.324 1
38,8 1
1951-2014 1
29,6 1
1.39 1
4140 1
22,42 1
4.3.2013 1
27.12.2014 1
217,33 1
61-63 1
809-555-3110 1
06.41 1
1.618 1
764 1
3952 1
22.450.000 1
48650 1
212-920-6922 1
47.6 1
3.760.000 1
3.650.000 1
3653 1
24.3 1
04.49 1
0.96 1
553199 1
0.5 1
10-85 1
3939 1
6.998 1
22.100.000 1
19.750.000 1
76,4 1
77123 1
1-4-3 1
45,60 1
407.000.000 1
3.000.000 1
9999,99 1
4161 1
5.000.000 1
10900 1
111000 1
1,2,3,4 1
187.4 1
67,93 1
47943 1
20.000.000 1
377-31-8622 1
32,99 1
16.34 1
1656 1
26-25 1
107,2 1
215310 1
35,25 1
2000-2500 1
8,650 1
25-0 1
67678 1
113-113 1
3373 1
7,85 1
9,35 1
4,300 1
3,627 1
6742 1
76.5 1
11.-12. 1
08.03 1
8529 1
8833 1
8925 1
555-7605 1
2438 1
4380 1
113-3 1
038-00-7128 1
0174 1
8295 1
09.36 1
785506 1
3027 1
7286 1
504-337-6468 1
3127 1
8952 1
6-10-05 1
1,2490 1
503-555-0138 1
9302 1
41148 1
1285 1
9045 1
1231 1
41153,7 1
6065 1
28400 1
10.82 1
0453-6236 1
175,75 1
‏ 1
7,59 1
0483-7959 1
193.6 1
1.79 1
6267 1
5903,5 1
1-1-0-0-6-1-7-8 1
90,90,90 1
3229 1
2211 1
2168 1
7.55 1
1-14 1
207. 1
123.98 1
40.13 1
148.215 1
1252 1
148,678 1
1305-05 1
19-21 1
242.5 1
323.7 1
24.5 1
14.36 1
39.900.000 1
39.800.000 1
1450-1750 1
10-12-19-65 1
3479 1
2952.50 1
121. 1
15,00. 1
2-60-8 1
2707 1
4-30-5 1
2069 1
7-8-4-9-9 1
2122 1
651-43-46 1
26.283 1
65-32-15 1
241540 1
5389 1
5-3-1 1
2474 1
95-95 1
21-17 1
04.05.08 1
11374265 1
110-73 1
99,1 1
32-13 1
2342 1
8557 1
48546.2 1
12,95 1
06.18 1
4-50-9 1
2-70-4 1
33.33 1
10,19 1
08.49 1
68815 1
77119 1
0,111958 1
99,888042 1
1592 1
2-9-2-9-7 1
7.32 1
5,43 1
1.95 1
2917 1
7280 1
51487843 1
305.326,13 1
25,50 1
97-97 1
1-800-555-1212 1
33,600 1
8.916092 1
49.1.112295 1
3120 1
29-869-617 1
31556 1
1597 1
1,77245 1
7240168 1
.999,95 1
1,45 1
8.6 1
22-21 1
1776-1787 1
65660 1
600. 1
32,480 1
1934-2008 1
137514 1
3-4-5-3 1
911000 1
4827 1
16,47 1
8994 1
17,90 1
21,70 1
8-4-6-8 1
14-28. 1
9512 1
91100 1
5816 1
11.62 1
6412 1
24-37 1
15.23 1
2356 1
8-9-7-5 1
22.58 1
1855-1980 1
1866-1944 1
94105 1
754688 1
4316 1
302,57 1
4317 1
83,13 1
99000 1
20.38 1
42-14 1
1-2-9 1
850.000 1
149.750 1
52-0 1
34-15 1
12-27 1
20-18 1
06.57 1
3.80 1
10.10.40. 1
47-20 1
1,87 1
1471 1
12400 1
97-96 1
4,70 1
4,40 1
4,10 1
4,00 1
04.09 1
3,00 1
8-24 1
2.240 1
48-52 1
15.000-10.000 1
98-95 1
0630 1
10.650 1
9-1-6 1
32,530 1
4,86 1
15.17 1
4986 1
17-27 1
13,39 1
175.000 1
97. 1
7-26 1
30,869 1
6,5-8 1
16.06 1
207-555-0185 1
005317 1
21.24 1
23-12 1
01.01 1
246000 1
9700 1
9900 1
6738,2 1
19.46 1
18-0 1
0047 1
24,5 1
9-7 1
1312 1
258000 1
12.-22. 1
1,7321 1
7710 1
1.45 1
255.642 1
2110 1
7,6,5 1
5,88 1
87104 1
315,000 1
0-7-9 1
210,000 1
7.649 1
1.042 1
69.99 1
7-0-9 1
285.99 1
589.99 1
66,7 1
9400 1
0-0-4-7 1
.220 1
3-29-77 1
66215 1
1307 1
26135 1
059-098 1
038 1
149213 1
9.2 1
751000 1
5913 1
4783 1
8.8 1
12456739 1
255. 1
8.9 1
9856 1
10,6 1
0,29 1
70-80.000 1
1504 1
76345 1
6350 1
18,162 1
26432 1
33410 1
27103 1
34404 1
16,17,18,19,20,21,22 1
15.21 1
0-0-8 1
2-0-0-8 1
12.47 1
11.31 1
97-02 1
1537 1
1294 1
5,200 1
22,041 1
2780 1
303,03 1
47622 1
24225 1
14,03 1
15.38 1
122,5 1
0,00682 1
6789 1
0,15 1
10.52 1
47-26 1
40987.2 1
212-555-0108 1
24.01 1
3.641.035,59 1
20,42 1
.079 1
60-30 1
331-7171 1
8.896 1
08.17 1
889 1
23-16 1
47653.2 1
4-1-9-1-0 1
1546 1
`47 1
56240 1
1628 1
16003 1
305.000 1
4235 1
9700.20000 1
25.000000 1
326,13 1
8500.000000 1
2654 1
10000.000000 1
14-10 1
10564 1
073172 1
1545 1
972-2008 1
01199 1
1571 1
0,26 1
3384 1
1667 1
209-211 1
1-1-9 1
52861,3 1
07,402 1
11,447 1
8.500 1
1,86 1
4.900.000 1
61.101 1
10,0 1
47623 1
1293 1
.8 1
1-3-7 1
6647665 1
5-5-5-1-4-3-9 1
52645,7 1
3,76 1
5027,3 1
255,50 1
4372 1
510-555-0199 1
212-555-0199 1
118000 1
12185 1
799.95 1
1-28 1
67,5 1
242.45 1
17,34 1
174,50 1
00-400 1
628049 1
4617 1
3-3-7 1
071,00 1
300-500 1
16500 1
37,482 1
1927-2003 1
18.55 1
40,184 1
17.10 1
109. 1
07,539 1
39,7 1
47751.2 1
4207 1
8003 1
309.5 1
1424 1
14.22 1
1722 1
121,7 1
775000 1
29,4 1
66. 1
906000 1
1469-1527 1
09.04 1
16.03 1
20.15.10 1
1287 1
13.6.96 1
7565. 1
09,522 1
76,40 1
0,00 1
7.770.000 1
3603 1
5001 1
8532 1
27.-28. 1
16.47 1
3,19 1
59970 1
1128 1
47618,4 1
55.633 1
19.17 1
1094 1
2305 1
47615,2 1
64,6 1
636.9 1
25.765 1
3-4-0-4000 1
10,99 1
981,00 1
89,95 1
1952-2004 1
2998. 1
929 1
0,327 1
881 1
1768 1
0-27 1
23,60 1
0,314 1
0-95 1
38,2 1
1970-72 1
1412 1
27,711 1
1401-1428 1
1953-1955 1
106.7 1
509,1 1
5,84 1
0,44 1
602,1 1
2,6,3 1
4715 1
2,6,205 1
370,236 1
1000-7 1
47941.7 1
4056 1
00- 1
5245 1
237,1 1
24183 1
697.9 1
542.2 1
242.4 1
3,6,0,4,6,6,8 1
555-4379 1
1001,1002,1003 1
67495 1
1980-1989 1
99,993 1
6749565 1
4,85 1
4949.9 1
483369 1
80-200 1
664.8 1
7075 1
66728.9 1
47755 1
1970-73 1
04-05 1
1,209,600 1
48921,3 1
1559 1
01-90 1
22.51 1
17.34.12 1
17.35.22 1
8,095 1
0.020 1
4141 1
1.000.000 1
212-555-6432 1
03.17 1
2432 1
98-11 1
2,23 1
01-90-80 1
56-57 1
46,400 1
4,343 1
19.34 1
20,160 1
3,500 1
65631 1
81941 1
86,500 1
85,000 1
45-45-1988 1
12919 1
1680 1
46.15192304 1
2,130 1
100220 1
5,359,262 1
1,234 1
38,376 1
555905 1
23,885 1
51,621 1
52576,2 1
43-31 1
4,98 1
319000 1
3.57 1
705,000 1
118. 1
6570534 1
797,000 1
6,594 1
13,250 1
9.8 1
76-73 1
0190 1
1,502,000 1
983-84 1
2462 1
1,16 1
19,8 1
25328 1
00412 1
5250 1
46,75 1
2465 1
59.40 1
5-46 1
1182 1
13.42 1
2612 1
2880 1
9-4 1
46,50 1
456.000 1
58-88 1
5,80 1
1098-1179 1
3731 1
10,60 1
20,40 1
47779 1
3793 1
10-07 1
18,4 1
6753 1
23116 1
10.24 1
6,6 1
10.22 1
0317 1
10.21 1
10.13 1
10.11 1
21,50 1
8311 1
4830 1
1325 1
15-07 1
4997 1
4336 1
999,95 1
1204 1
1993-96 1
580416 1
400-1400 1
9-03 1
324165 1
06.47 1
911. 1
12.40 1
1685-1753 1
0-7-7-4-4-6-8-1 1
61-40 1
64045 1
6523 1
12640 1
8447393 1
4,55 1
454545 1
1742 1
149.99 1
105.2 1
29-28-27 1
9.99 1
4511226 1
1-15 1
9435 1
2.27 1
0,14 1
086656510 1
10495 1
1.27 1
18.730 1
19.07 1
199,50 1
1960-80 1
557,2 1
1935-1988 1
1.21 1
49,698 1
7811 1
48,600 1
46,200 1
44,480 1
68,12 1
40,640 1
4075 1
37,520 1
30,080 1
8454.1 1
856.3 1
1.38 1
2-3.000 1
87-02-27 1
31,90 1
1100000 1
31,80 1
1982-1983 1
7-2-9-4-5-3-5 1
5-3-4 1
9-4-5-3-3 1
5-3-3 1
1-7-2 1
619-178-1974 1
7-2-9-4-5-3-1 1
192000 1
84-89 1
1025 1
9,50 1
260000 1
16-17.000 1
818-725-4424 1
40.8 1
09.42 1
3039,89 1
1-80 1
160,70 1
3381. 1
2007-2008 1
5-4-4 1
74.58 1
120. 1
2,666,527 1
1980-2004 1
1268 1
2199 1
73313 1
680000 1
818-775-3993 1
47304,2 1
160. 1
2412 1
400-1 1
2.47 1
8849 1
5.76 1
90046 1
90-1 1
60-1 1
0-1-1 1
100-1 1
5-6000 1
8-900 1
23,62 1
20,19,18,17 1
811 1
7-19 1
295118 1
22.35 1
40-1 1
2-1-9 1
114.000 1
22.13 1
3.48.16 1
1086 1
312-399-2090 1
10-91 1
39-40 1
12-4 1
312-905-9044 1
4.11 1
18.05.2006 1
1991-- 1
02.10.2007 1
13603 1
12,75 1
51100 1
52.000 1
5620 1
485,4 1
4.15 1
4508 1
1946-2016 1
1090 1
776578113 1
0,017 1
0221 1
332. 1
348-844 1
13,99 1
184478096 1
595,50 1
1967-1968 1
1940-1968 1
025 1
6442 1
5450 1
17-18000 1
14,72 1
1993-2000 1
33.2507 1
3-3-6 1
74.1003 1
10.01.1997 1
28-30 1
14436 1
30.6.13 1
5.40 1
1.5.13 1
1694 1
1192-1200 1
082 1
26,7 1
6067 1
`80 1
6-4-9-4-0-2 1
126,420 1
1908-1992 1
305.25 1
6-1-0-0 1
3,59 1
22.19 1
13.825 1
22,95 1
808 1
8650 1
1000. 1
2334 1
7,500 1
95-97 1
74342 1
51413,6 1
12.500 1
2-2607 1
3751 1
8390 1
8031424 1
4125607 1
12122902 1
0130 1
17.500 1
31854 1
51408,6 1
22.1 1
21.10 1
10278,74 1
57,523 1
900-1100 1
1105 1
303-560 1
7672 1
339 1
0-11 1
1258 1
7107,30 1
6127 1
64-58-24 1
9891 1
5288 1
65.000 1
52152,6 1
439277 1
128,5 1
720000 1
12,13,14 1
4.047 1
1547 1
1552 1
1553 1
13-7 1
1281 1
41-28 1
21-9 1
34-30 1
883 1
3-1-2 1
2,37 1
1,81 1
65.14 1
88114 1
41.20 1
48721 1
3880 1
15.04 1
555-3464 1
1277 1
78,6 1
3-3-8-6-7-7-6 1
23701 1
028 1
5660499780 1
1-800-759-3000 1
283,7 1
510.000 1
656-5827 1
85,50 1
125-150 1
14-60 1
0000,0000,0000 1
00.07 1
56.13,0 1
8.56 1
1123 1
2691 1
196340 1
2226 1
0,003 1
8209 1
8029 1
749903 1
5397 1
42399 1
6306 1
30,646 1
132000 1
3995 1
14.53 1
19.54 1
85262 1
11,2 1
17,47 1
5-9-5 1
2175 1
07.51 1
3117 1
53. 1
3892 1
1986-4447 1
0,12 1
5,20 1
83,5 1
74,263 1
38,325 1
11.00-15.00 1
6-19-82 1
6578 1
58-0 1
3.14 1
670.000 1
43563 1
1000-1 1
43562 1
342009 1
2144 1
1192,18 1
06.58-5 1
9.36 1
55213 1
102610 1
12-45 1
5,00 1
15,00 1
4854 1
211974 1
33,50 1
03.47 1
7,80 1
40,2 1
2162 1
0123 1
29.3.2013 1
24.99 1
19.99 1
999,33 1
77256 1
4.40 1
08.16 1
12-2 1
.40-40 1
70263 1
3399. 1
55127 1
760.000 1
19.00-23.00 1
1-99 1
91-9 1
20-22 1
16-19 1
33,148 1
.44-40 1
32-448-36 1
1990-1993 1
39,7643 1
15,77 1
3175 1
10969 1
14.15-15.15 1
1567 1
12,589 1
3967 1
488 1
1091 1
5552 1
17.59 1
925000 1
4105 1
521.122 1
12645 1
17.37 1
3927 1
10.75 1
9998 1
5964 1
1443 1
6431399 1
688 1
30.19 1
78,23 1
3437 1
01.27 1
3914 1
5296 1
90062180 1
8-2-3 1
6-700000 1
0-7-0-2-3-3 1
1944-2013 1
1783 1
9410 1
22.09.2014 1
78.7 1
13.04.1986 1
12.11.2005 1
4814 1
2336 1
3334 1
63410 1
91021 1
334,45 1
2591 1
62,32 1
238-2098 1
38,27 1
39.33 1
9821 1
130,000 1
13,407 1
13469 1
15,75 1
8418 1
3722 1
12.800 1
4365 1
107,33 1
4,472 1
234,17 1
15.2.2016 1
29.50 1
659-0716 1
4-7-2 1
37.96 1
4027 1
1358 1
1357 1
66691 1
323-555-0182 1
1088 1
21,000 1
16.13 1
23.38 1
6071 1
3410 1
10,128 1
5.34 1
1407 1
1390 1
31,0 1
31,4 1
32,2 1
13631 1
10107003 1
10107008 1
2-22 1
32.7 1
581363 1
84000 1
66000 1
50698 1
50732,4 1
215,8 1
32,7 1
642215 1
1.2-1.1 1
632426 1
27-7 1
1-800-555-0199 1
2131284262 1
14-13 1
23.54 1
7400 1
054 1
110-110-110 1
1457 1
3305 1
66715 1
449 1
56,53 1
58,04 1
59,46 1
53,5 1
6,13 1
00.16 1
.24 1
1-18 1
1-7-6 1
1-7-9 1
555-5888 1
47160,1 1
180.215 1
50518,6 1
50929,6 1
50912,4 1
000.000.000 1
30-27 1
2.32 1
1654,1 1
3855 1
75,60 1
50984,3 1
56-52 1
0.21 1
8.59 1
51597,2 1
3821 1
9.3 1
22.18 1
3,52 1
30.2 1
1.8 1
2337 1
596 1
50537,2 1
16-0-0-9 1
50541,6 1
619718 1
.3030 1
650-700 1
9690 1
9.85 1
06.31 1
51721,3 1
8.9247 1
4.4623 1
51474,2 1
1,14 1
14.2 1
2748 1
.46 1
1786 1
51247,5 1
5753 1
7.35 1
65934752 1
467.20 1
53000 1
8513 1
32,78 1
1871-1875 1
1832-1877 1
1873-1876 1
20-50 1
33583 1
47410,2 1
÷ 1
20,045 1
18,783 1
34,664 1
32,730 1
15,501 1
13,840 1
09,409 1
7445 1
555-0944 1
3015557128 1
510968686 1
02.11 1
15045 1
4.29 1
2-0-1-0 1
47025 1
555-8312 1
29909 1
2090 1
47215,5 1
47310,2 1
26481 1
97,1 1
310555124 1
4202 1
20-11 1
47312,1 1
47314,5 1
05.27 1
6309 1
07,475 1
2-1-0-9 1
40812 1
1405 1
300,0000 1
44.40 1
.4540 1
231-427 1
47135,2 1
2810 1
130.000- 1
595 1
059 1
7- 1
2053 1
100-400 1
22,72 1
75-76 1
555-3000 1
3-75 1
4.06 1
47225,7 1
21,941 1
3307 1
19,75 1
4519 1
33,5 1
30620 1
47254,1 1
2-0-3-2 1
5864 1
312-618 1
98345 1
537-29 1
555-7600 1
668000112 1
18748765122009 1
.200 1
45587 1
-27 1
19658 1
555-0198 1
12.43 1
024 1
88.50 1
144. 1
1916-26. 1
9,24 1
286000 1
12-5 1
∆ 1
08461 1
960.000970.000 1
24.6. 1
1573 1
1572 1
140,31 1
1661 1
1529 1
212-966-7058 1
326,41 1
578000 1
4007.03.0356 1
0947 1
30321 1
78. 1
17.44 1
23.692 1
21.667 1
11.355 1
10.024 1
90-60-90 1
ආයුබෝවන් 1
50471,3 1
50460,3 1
22.49 1
8350 1
57746898 1
9.41 1
055 1
57746899 1
243.000 1
34.000 1
36.000 1
123,9 1
1102 1
47,680 1
44,237 1
38,560 1
4473 1
3.75 1
415-555-6421 1
02752 1
6.55 1
98,8 1
28,77 1
0,77 1
8128,78 1
22,2 1
8210,3 1
1-118 1
30-60 1
12-1500 1
53,949 1
04.289 1
555-9175 1
47,870 1
2638 1
29,83 1
49,000 1
20.29 1
0-12 1
01-44 1
14.223 1
1841 1
6.-8. 1
173. 1
3997 1
147,50 1
408-555-1439 1
10700 1
3-10-44 1
4.36 1
38416 1
45,720 1
3517 1
06.450 1
52.311 1
09.38 1
09.14 1
3.97 1
50836,2 1
900000000000 1
7-6-9 1
7-6-1 1
4.7 1
6,903 1
34,50 1
308563 1
100952 1
51825,4 1
2562 1
8764000 1
48671 1
17,8 1
05.14 1
64389000 1
05.41 1
120191 1
5888 1
15888 1
82,74 1
28,4 1
620000 1
4-31 1
8317 1
7813 1
5-85 1
6-50 1
26-6 1
784-99098-86 1
083 1
07.18 1
3718 1
8173 1
216,33 1
4721 1
50953,4 1
.31 1
113,7 1
50614,2 1
0602 1
0610 1
0203 1
2799 1
0,06 1
5-0-7-0 1
50693,2 1
වේවා 1
ජය 1
08.948 1
3060 1
03.920 1
1097 1
8-6-4-3 1
40.541 1
309,4 1
50.821 1
50622,4 1
071,17 1
51149,5 1
51948,3 1
17.48 1
51145,3 1
10-19-86 1
6362185 1
97,6 1
627627 1
16,3 1
14,9 1
55836,2 1
56947 1
50973 1
221. 1
3-300 1
22.54 1
4279 1
00-200 1
9-30 1
202-555-0198 1
14.16 1
24,3 1
8283 1
3-3-5-6-0 1
226. 1
525524 1
1524 1
1084 1
3.12 1
79763 1
3421 1
15935 1
3277 1
3546 1
2006-2011 1
49800 1
4,500 1
1-7-9-9 1
812553 1
812729 1
812504 1
1582 1
225-687 1
24,99 1
213-555-2703 1
274,67 1
132,59 1
5,46 1
1109 1
1360 1
300-320 1
9,58 1
2,97 1
41219 1
1092 1
3333 1
03.54 1
2671-8266 1
555-0162 1
4862681 1
9-900 1
5501 1
21.06 1
15.57 1
13437917 1
354 1
903489 1
90348 1
1.7 1
1433 1
0-4-0 1
660621-0150 1
106,94 1
31,89 1
3715 1
1024 1
9-10.000 1
81-5-4 1
52,8 1
20.27 1
4586 1
10-12000 1
867-5309 1
17.39 1
1,93-1,96 1
27-28 1
17.24 1
7.99 1
24-01 1
80,6 1
12,07 1
43,76 1
13.43 1
3758 1
1-2-3-4 1
1625 1
2-3000 1
1722-7850 1
36,5 1
498003145 1
36,26 1
6003 1
39,49 1
11,13 1
58732011658 1
19.11 1
2587 1
4024 1
1986-037290 1
7325 1
198628 1
3-6-0 1
13704 1
13705 1
4019 1
37,30 1
37,27 1
1729-1797 1
1267 1
4-9-4-3-6 1
9,86 1
17.3 1
21000 1
321-0547 1
99,97 1
99,9997 1
4515 1
4096 1
091.99 1
9,72 1
35-56 1
375-2688 1
18.13 1
12605 1
4-15-48 1
14-15-48 1
400017 1
25-45 1
5.26 1
14300 1
1507 1
9155 1
15691 1
35111 1
2722 1
02.04 1
5,931 1
5,930 1
07.42 1
.762 1
05.46 1
15.10.30 1
20.12.00 1
112,3 1
151253 1
109,32 1
3.600 1
38,34 1
.9. 1
9495 1
106,70 1
20,3 1
6427 1
0,97 1
09230023099 1
70.4 1
69,2 1
10.39 1
11.27 1
07.17 1
87,8 1
3500-4000 1
100-120 1
23,74 1
415-555-0192 1
13706 1
0,0833 1
269,50 1
30,50 1
0.97 1
45,50 1
1770 1
21,3 1
577 1
2858 1
25,62 1
1.77 1
900. 1
1703 1
22.02 1
21.50 1
51250 1
7-100-25 1
3,225 1
7-8-3-6-7-5-9-1 1
2552 1
25-90 1
2.455 1
52700 1
229.573 1
2.942 1
612-353-8113 1
48,50 1
63,5 1
677,5 1
45-55 1
357000 1
22.08.04 1
08.11 1
60-90 1
7042 1
21-20 1
01144555 1
04.17 1
6,12 1
17609 1
555-0237 1
1963-1997 1
4606 1
1925201 1
5431 1
882497 1
1310 1
3-9-0-4-2 1
2- 1
3-9-8 1
45-48 1
47466 1
174.0 1
98-20-801750 1
11.11.11 1
2977 1
111106 1
11,11 1
4068 1
4069 1
8640 1
18.04.2014 1
8651 1
18-7 1
1013 1
18-2 1
18-4 1
1624 1
18.1.2015 1
4,65 1
48-72 1
123845 1
3.39 1
0.00000000003 1
45988 1
13590 1
576.000 1
1062 1
1107 1
8,9 1
4,83 1
0,33 1
2-0-3 1
0,280 1
50207 1
3,289 1
42474 1
5305 1
1570 1
474 1
1993-1994 1
00.58 1
35-45 1
555-9464 1
00.45 1
8-3 1
2-5-5 1
1-0-5 1
1371 1
0-6-5 1
4905 1
1519 1
1157 1
23.35 1
1.35 1
01.35 1
12,73 1
3712 1
06.56 1
1162 1
1950-2003 1
213,2 1
51,62 1
5,48 1
1-2-3-1-9 1
2235 1
04.03 1
52,14 1
19,50 1
75,3 1
11-16 1
09.08 1
02.01 1
15.09 1
01.38 1
2,85 1
35,3 1
3260 1
4101 1
69,73 1
89934787 1
03.12 1
1900-2000 1
2345 1
0,62 1
3606 1
13.27 1
5-9-3 1
5-4-3 1
2-9-8 1
1-6-7 1
0,24 1
36,50 1
3-3-1 1
4.800 1
52,5 1
2818 1
17,6 1
21º 1
1926-2016 1
47,20 1
21.51 1
20.02 1
22.28 1
3863 1
328,32 1
5-0-5 1
4-6800 1
10,95 1
6000000 1
2212 1
06.01 1
.18 1
05.43 1
05.23 1
7320 1
2567 1
01.28 1
01.02 1
00.19 1
00.17 1
00.13 1
23.36 1
1978-1979 1
32-33 1
41444 1
117,586 1
170,000 1
2156 1
250294 1
40000-50000 1
47,3 1
8-12 1
587332 1
14,65 1
1283 1
2.300.000 1
4-3-3 1
2-3-2-3 1
3-2-2-3 1
092 1
43,97 1
31,18 1
16,000 1
498,95 1
135. 1
3674 1
59764028 1
25590721 1
18986301 1
37556890 1
8493 1
837,9 1
11-10 1
0,438 1
0,168 1
12.09 1
6244 1
4157 1
149715 1
6459 1
21.21 1
18,0 1
8-0 1
1629 1
9-0-0 1
79863 1
2,400 1
23,41 1
38,7 1
4338 1
250-300.000 1
3221 1
19.53 1
08.36 1
0883011 1
11.59 1
06.37 1
04.52 1
01.46 1
1767 1
220.000 1
34-30-44 1
2-4-7 1
118,83 1
987654320 1
118.83 1
2-5-6 1
0718359 1
1704 1
0-2-5 1
113. 1
79831396 1
90º 1
0-1-5 1
2231747 1
1941-42 1
112.5 1
334. 1
8632 1
2-13 1
25-99 1
2-5-8 1
3-5-8-2-9 1
319. 1
3-0-5 1
1-6-5 1
09.33 1
2.500.000 1
5-2-1 1
0935 1
034285219 1
7-7-0-5 1
77-0-5 1
18,24 1
3-0-9-3-5 1
11-5 1
1,000100 1
07.32 1
7.43 1
445112 1
287765 1
75543 1
08.02 1
435000 1
505909 1
08.06 1
6.200 1
23391 1
6300 1
09.34 1
30826 1
2187 1
09.39 1
31,19 1
19,3 1
3512 1
65,000 1
3263827 1
20.59 1
5-0-0 1
3-7-7-9-2-0 1
1591 1
2,712 1
67,000 1
65742 1
27468164 1
298,567 1
61,679,000 1
14.495,719 1
3,10 1
6,97 1
05000 1
399-2639 1
159. 1
3185 1
 1
46.57 1
 1
2308 1
71,5 1
05549 1
60,5 1
22,9 1
17181120 1
1,600 1
11120 1
17,25 1
19.18 1
22350 1
1990-92 1
644,000 1
6,008,000 1
08.41 1
6,500,000 1
50-49 1
50-48 1
6-117 1
11.49 1
283-8779 1
6117 1
43,3 1
1.48 1
74,4 1
7.51 1
4-1-1-2 1
02.06 1
10-3 1
1,3,4,19 1
80-62-88 1
0-2-1-2 1
6-23-60 1
664379 1
1266 1
83699 1
2639 1
10842 1
5024 1
12-6-50 1
4226 1
7-7-7-7-2 1
51,178 1
48,129 1
491,00 1
106,38 1
0579915 1
03.04 1
094-385 1
3150 1
4819 1
3101 1
126,127,128,129,130,131 1
02.32 1
47,80 1
2,505 1
100,000. 1
4922 1
124-9 1
205000 1
210000 1
3725 1
310,27 1
3698000 1
1224 1
95,3 1
388000 1
20,9 1
917-555-0131 1
0,08 1
094-384 1
18-06 1
3134 1
520-8874-311 1
0,8367 1
250169 1
0,9658 1
22-12 1
2005-06 1
2,00 1
10,00 1
02.13 1
17.22 1
13.23 1
10.06 1
5352 1
746 1
96,000 1
23.01.73 1
198,000 1
200,016 1
2003-2007 1
8-20 1
2230.06 1
2028 1
2.07 1
12.11.90 1
12389 1
25,74 1
1637 1
00.25 1
858-55 1
5000-8000 1
323-553-7177 1
33,661 1
518-555-1218 1
100,34 1
7348 1
5185551218 1
845-555-8249 1
57.7 1
2263.02 1
9.03 1
1.59 1
6,33 1
4,12 1
2080 1
2-2-1 1
0,91 1
1585 1
0,96 1
6332 1
114000 1
5,98 1
10500 1
283107,65 1
4471 1
284000 1
1325623 1
27543 1
1998-2009 1
.86 1
6806 1
50-43 1
49-46 1
.96 1
13-405 1
4,18 1
119-0-9-0-5 1
544.000 1
114,8022 1
36,8025 1
426504000 1
13.01 1
5052 1
24500 1
4513 1
59-06 1
0,94 1
2604 1
43-44 1
6373 1
1961-22. 1
555-1414 1
2.100.000.000 1
5722 1
147,98 1
94,70 1
11.09 1
44,9 1
108256 1
834024112 1
0078 1
90.6 1
799 1
13.38 1
13.37 1
10.08 1
1689 1
22,56 1
55,20 1
1-9-2 1
1666. 1
55,26 1
400- 1
7,41 1
02.37 1
7294 1
555-4141 1
555-1415 1
012 1
109672 1
1495 1
156,68 1
5720 1
2555 1
3045 1
94,2 1
.7,65 1
8042783 1
17631 1
13700 1
1987-2000 1
1966-2000 1
14.08.2003 1
91462000 1
7,58 1
11379 1
27,30 1
5.923 1
38.500 1
73.000 1
22.3 1
2,3,4,5 1
85-32 1
10-16-28 1
5243 1
2431 1
8201-4302-8091 1
100-160 1
41- 1
21.8.98 1
1026 1
77,9 1
62780000 1
172000 1
32-20 1
4-2-1 1
6-6-8 1
95,5 1
6-6-8-1 1
6681 1
2-6-90 1
7-7-7 1
2,28 1
135-85 1
5732 1
3828 1
01.40 1
25-29 1
26.6.00 1
23.2.97 1
3,88 1
4,88 1
1963-1964 1
700000-800000 1
0252 1
15,99 1
16,99 1
43,9 1
204. 1
20.3 1
1-2-8 1
13.56 1
1,61 1
0.000. 1
1462 1
08.35 1
4658 1
2,98 1
0169 1
347,82 1
3017 1
`05 1
1350-1800 1
5915 1
110-140 1
122. 1
1988- 1
1,46 1
1,56 1
267856783 1
0-9-5 1
076 1
`69 1
16º 1
4-9-0 1
6-44 1
4,08 1
480000 1
9024 1
6850 1
2-20 1
585000 1
2785. 1
11,3 1
19.36 1
11.12 1
13.08 1
29,5 1
19,7 1
09.28 1
18.23 1
08.47 1
2,69 1
20-60-40 1
1733 1
10-70 1
21.30-21.45 1
3.500 1
1-8-9 1
11484 1
28.50 1
263,4 1
21.56 1
263,3 1
263,2 1
263,1 1
22,3 1
4749681998 1
555-4369 1
13,8 1
174,2 1
53,8 1
2079 1
555-261-1677 1
23,13-20 1
6-5-3 1
5,37 1
5-1-7-7-7-9-4 1
4828 1
.4 1
3295 1
15-20.000 1
209.2 1
255.9 1
255.6 1
50,1 1
0,250 1
71,9 1
555-81 1
386.5 1
0,372 1
386.4 1
10.800 1
11.99 1
555-5050 1
249.4 1
249.3 1
16.28 1
87,5 1
41723.9 1
23.27 1
4,54 1
2754 1
590.5 1
16.07 1
`64 1
2.80 1
1.89 1
205.000 1
11-80 1
3,90 1
4013 1
93.7 1
99- 1
644,998- 1
1-2-2-6 1
4.39 1
3.44 1
2.18 1
3899 1
23.28 1
22.16 1
98-99 1
6.500 1
2-24 1
34-0 1
37,2 1
18.32 1
09.16 1
194.192.151.9 1
83162 1
1974-1989 1
8265 1
5001966 1
5000-10000 1
6086 1
454-9554 1
4-454-9346 1
50-400 1
0,58 1
6-87-1 1
850-3943 1
98,50 1
295. 1
781 1
3-4-8-7-7-7 1
93,4 1
2845 1
209.3 1
063 1
17-14 1
2532 1
4-7-1-3 1
76941 1
5457 1
21500 1
2,83 1
3113 1
3.50 1
1956-2014 1
7073 1
1743 1
5086 1
5080 1
445349722 1
8,16 1
6,22 1
406,9 1
5-30 1
420,20 1
369. 1
160,40 1
2116-2126 1
7850 1
03.36 1
10145 1
0,0025 1
12.21 1
12.17 1
136890 1
3774 1
396-7678 1
11-14 1
46,721 1
45,390 1
1.67 1
18.37 1
2115 1
503.555.0121 1
63031 1
78-24 1
78-20 1
3-1-4 1
10-38 1
1159 1
01.10 1
7511 1
39000 1
720828-8958 1
68.50 1
1113 1
4-84 1
51,79 1
7-50 1
85-70-85 1
7419 1
5012 1
2860 1
91403 1
3750 1
4-05 1
6554 1
8118 1
4717 1
5102 1
18,92 1
00-00.30 1
6-3-1 1
50-75000 1
09682 1
01.29 1
2-5-2 1
11.127 1
2000-01 1
15219 1
0-0-1-2-0 1
02073 1
48.000 1
396-6286 1
9-0-3-4-7-2-5-6-8 1
22.42.55 1
22.41.37 1
22.40.58 1
14.39 1
14110 1
38.5 1
713.01 1
61128 1
636.089 1
805062 1
2901 1
24.15 1
677 1
0459 1
24,7 1
3044 1
3149 1
5413 1
017 1
19.03 1
21.19 1
896,60 1
21.27 1
4-10 1
56844,9 1
2475 1
5,23 1
37509 1
46990384 1
`70 1
998. 1
05.57 1
95-96 1
9-6-2-5-0-7 1
4359 1
17891 1
13.26 1
410000 1
49565 1
19-1 1
7-8000 1
5329234 1
3310 1
170. 1
3658 1
14-14 1
72183 1
14133 1
6885549 1
687,1 1
100200 1
10-16 1
23-69 1
6223 1
24390 1
91092 1
19,96 1
07.1 1
6-5-0 1
52-48 1
5.06 1
3052 1
3,457 1
1600000 1
77,5 1
76,2 1
0420 1
4343 1
6357 1
4-4,3 1
3001 1
38723 1
10-36 1
7117 1
6255 1
34,95 1
0146 1
4983 1
6409 1
02.23 1
ŕ 1
51500 1
4-9-6-5-6-9 1
4-5-2 1
9-3-3-2-1 1
0.48 1
83,3 1
18.46 1
69,4 1
4628 1
034521 1
94022 1
9726-6644 1
15,38 1
737-300 1
117,03 1
71.000 1
32,05 1
9214 1
18-12 1
1311 1
57500 1
235.25 1
235.32 1
520.1 1
5.216 1
8.43 1
89,27 1
658,48 1
85973 1
1037 1
9.39 1
1560-1614 1
03.12.2010 1
322,56 1
7,68 1
15.44 1
89,00 1
58.03 1
167.84 1
3009 1
2873 1
5-2-9-4-4-0 1
1641 1
108,1 1
696-336-725 1
89,8 1
3,14159 1
33,333 1
6.400 1
10-20.000 1
26-27 1
781.260 1
1.900 1
3202 1
31208 1
32027 1
1414 1
79,99 1
175-180 1
2373 1
44559 1
2-8-9 1
1-2-5-7-9-3 1
1321 1
10,85 1
15,9 1
2653589 1
6000-8000 1
1,5-1,7 1
9248 1
0,4800 1
107,9 1
38.000 1
6.40 1
3948 1
000-1 1
1,74 1
8-4-5-4-4-7-3 1
0809 1
19-2 1
3951 1
17,7 1
8.19 1
10.14 1
27,0 1
46,9 1
01.17 1
8.37 1
0730-96-33-20 1
25,7 1
05.58 1
29.32 1
2,52 1
5553147 1
22-5 1
23.26 1
23.08 1
11649 1
3233 1
3418 1
18.26 1
90-99 1
7.09 1
10005 1
10-6 1
10002 1
2,29 1
88.1 1
106,905 1
0,5200 1
0-0-0-0 1
0314 1
108,905 1
0700-44-39-87 1
3734 1
16640 1
3729 1
2-0-0-2-4 1
27,5 1
7860 1
45,58 1
39180 1
79.000 1
109.000 1
1.400 1
02.47 1
1609 1
06.55 1
2135 1
3940 1
7816 1
9957 1
9123 1
15.54 1
14,501 1
28-29 1
8850 1
00.55 1
2,09 1
30351 1
0.28 1
4.3 1
126113 1
1417 1
1.469 1
7-3-4-4-2-5-6-4-3-6-7 1
6-3-9-6-4-1 1
20.11 1
47,55 1
56. 1
19,79 1
5714 1
1754 1
99999000 1
22.43 1
10.500 1
41.000 1
79432 1
36764 1
48960643 1
28,10 1
44543 1
264. 1
9-3-0-0-9 1
5280 1
555-01-23 1
 1
1959-2006 1
5820 1
6432 1
1937-2006 1
0920 1
98.7 1
4-4-1 1
94560054 1
81643 1
36,59 1
2174 1
24,34 1
2153 1
6,76 1
1-17 1
21.12.2012 1
4000-5000 1
72-4 1
2381 1
5919 1
2302 1
216-962-6746 1
27.-30. 1
3196 1
1.311 1
28455 1
2387 1
500-100-1005-11-1 1
150-60 1
49.09 1
5-00100-100-5 1
2.396.324 1
2233.04 1
5-12 1
11553 1
4233 1
133.0 1
041325 1
0700-44-39-86 1
44-39-91 1
6234 1
6401 1
4503 1
1305 1
8,80 1
366. 1
105-353 1
75098 1
5.55 1
30-40000 1
204.226 1
2137 1
4596 1
50038 1
58.639 1
1549090 1
4-500 1
9-21 1
3.438.532.321 1
3.972.998 1
6781 1
67-69 1
3,1495265 1
2484 1
23.51 1
23.19 1
21.58 1
5.1.1970 1
20.58 1
18.53 1
18.34 1
4368 1
80057 1
809810 1
0,87 1
526,315.79 1
1-23 1
80125 1
16262 1
79-80 1
1143 1
7005 1
2099 1
1934-2009 1
2132 1
662-3799 1
51,86 1
2540 1
82,50 1
9811 1
875000 1
10500000 1
8400 1
10-20-30 1
4-7-3 1
9199 1
5,25 1
3008 1
1-8-2-8 1
3092 1
000-6 1
000-8 1
2,5-3 1
126-42-4276 1
1-7-5 1
6432.25 1
3814,62 1
13600 1
12500 1
0.50 1
081156-172208875 1
4-6-9 1
5,44 1
6,48 1
6,43 1
5,10 1
240-555-0146240-555-0146 1
000- 1
14- 1
2171 1
06.49 1
2436 1
01.07 1
352. 1
1-7-7-6 1
110,000 1
07.25 1
22.23.17 1
040,12 1
42,004 1
180-182 1
837.502 1
6128,6 1
63345,3 1
49,93 1
168,22 1
118,31 1
34,48 1
40,54 1
27-29 1
1494 1
237000 1
00-17 1
7,83 1
18,9 1
0708-423700 1
98-10 1
79-9048 1
9814 1
265.000 1
351.000 1
412.000 1
4320 1
27,80 1
192.168.0.666 1
981.000 1
3408 1
8120 1
81-20 1
8,10 1
75-25 1
19.41 1
0050 1
00.28 1
20.22 1
42,2 1
14,29 1
97-2001 1
34,99 1
58822 1
113000 1
9995 1
4995 1
4-20 1
..... 1
1.200.000 1
999999 1
118-0 1
01.43 1
44.23 1
3489 1
9.22 1
38-39 1
25,65 1
1982-1985 1
9937551 1
91-89 1
89-89 1
1977-1984 1
1991. 1
413. 1
202-555-0167 1
86,20 1
3.33 1
2095 1
20.47 1
10-2013 1
3230 1
4160 1
7777 1
93.5 1
1999-2003 1
0187 1
107,8 1
48572 1
19-30 1
80-19-30 1
01-12 1
11-01 1
18.14 1
1603 1
4877 1
8.47 1
87.000 1
18-30 1
842 1
9,81 1
1588 1
0-61 1
10.70 1
699,99 1
1933-2002 1
01-10 1
5364 1
7315 1
7951 1
03,449 1
41.2 1
0.40 1
03,675 1
01,721 1
09,068 1
07,468 1
4000000000 1
4,000,000 1
48-89 1
11101 1
37512 1
2-6-3-7 1
23,12 1
2495 1
4857 1
7877 1
08.58 1
8,25 1
05,567 1
13,6 1
09.08.2012 1
38-89 1
1ç 1
9,14 1
16,25 1
630414-2326 1
105-115 1
110-130 1
09.02 1
3248 1
3208 1
109,500 1
6796969 1
284281 1
5007 1
100,900 1
5060 1
56,047 1
00-22 1
165.000 1
11245 1
951-772-033 1
29-30 1
2,325 1
6448 1
37,243 1
.432 1
7.46.1 1
91,6 1
4.16 1
10-21 1
04.31 1
37.97 1
6-2-6-9 1
11.34 1
90265 1
10880 1
21-21.30 1
13.03.96 1
21900 1
13.48 1
30-30-175-12 1
46.000 1
 1
3.2.168.4 1
2275 1
2598 1
4-24 1
5251 1
6322 1
240-2-7 1
5.11.94 1
12323 1
043 1
× 1
1652 1
1458 1
1` 1
325.000 1
23,300 1
20,250 1
30-31 1
1915-1985 1
14.16-14.29 1
7426 1
23.25 1
1728 1
3532 1
39.60 1
293 1
1.99 1
959,174.122 1
958,87.0612 1
962,173.02 1
961,87.0612 1
958,91.4694 1
956,85.9592 1
961,93.6735 1
960,87.0612 1
960,93.6735 1
957,91.4694 1
960,173.02 1
12,321 1
9,418 1
957,93.6735 1
963,91.4694 1
323-555-5359 1
959,87.0612 1
958,88.1633 1
959,91.4694 1
959,90.3673 1
1023 1
963,168.612 1
6,23 1
36-0-0 1
2-3-7-9 1
22.08 1
127,5 1
4.53 1
1990-1996 1
2460 1
25.3 1
24.3.1978 1
5906 1
1669 1
15.02 1
4.07 1
4120 1
15-100 1
2109 1
1741 1
557,74 1
000-130 1
4,24 1
8-14 1
960,91.4694 1
47,32 1
36,7 1
49-0 1
22,4 1
6.36 1
22.44 1
21.46 1
.344 1
09,413 1
03,441 1
50,004 1
46,575 1
303-18 1
0859 1
35,9 1
22.56 1
504. 1
47,50 1
10-78 1
1078 1
6160 1
30008 1
2998 1
2000-2001 1
100,0000 1
99,9995 1
15-14 1
26,11 1
00.32 1
08-57 1
21-09 1
021-9674114 1
15.18 1
59715 1
1413 1
21-11 1
21-5 1
8.096 1
87,50 1
0,60 1
5038848 1
01902 1
58537923 1
1558 1
0,035 1
10-59 1
9873 1
923 1
31972-13426 1
2100. 1
8217 1
2037 1
47. 1
13350 1
64762 1
15.02.94 1
1326 1
60062 1
07.06 1
13.04.1934 1
04938091 1
157000 1
--09 1
61947 1
61964 1
1,366 1
890,19 1
448 1
04.47 1
1756 1
6-2-9 1
01.18 1
243-3460 1
1988-89 1
2,000,000 1
2,500,000 1
38,000 1
4730 1
2557 1
8,211,600 1
091174 1
0912 1
0357 1
129,2 1
11.95 1
1,001 1
690.000 1
1,002 1
06,00 1
88-50 1
11.4.1896 1
13432 1
19,360 1
8130,4 1
2.125 1
16309 1
......... 1
.301 1
12-8 1
96-60 1
153,4 1
8141,6 1
40120 1
38-23-38 1
555-8921 1
7,03 1
2200000 1
2100000 1
411-9000 1
10.9 1
5-0-61 1
245000 1
2365 1
21,089 1
49000 1
0,001 1
638 1
18,966 1
16,320 1
1.96 1
26,37 1
2-8-557 1
05.50 1
78,3 1
2219 1
539,2 1
110-109 1
24,26 1
300-350 1
2228 1
42500 1
8130,3 1
22-87-4 1
2283 1
17700 1
4488 1
555-4823 1
10-500-92-95-00 1
80295 1
160-170 1
3,6-7,9 1
6-8,9 1
83,40 1
3-5-5-9-8 1
82000 1
281477 1
7800 1
70562 1
144579651 1
8-5-13 1
4524 1
2354338 1
15720 1
131013 1
374000 1
123,127860 1
44,053051 1
8947 1
473000 1
136,086 1
568 1
9.-10 1
7633 1
50-60000 1
3-500 1
5107 1
28,7 1
555-3245 1
1081 1
1762 1
72012 1
696000 1
1769 1
107-54 1
534-4 1
2,015 1
3,510 1
358202 1
00.23 1
696 1
9.11 1
174,88 1
4670 1
14.15.16 1
2.48 1
540333 1
8720 1
43125000000 1
43125000 1
3205 1
7,20 1
9,40 1
15557 1
3,65 1
11.46 1
3-2-6-6 1
2118 1
458,4 1
270,3 1
54-55 1
303-555-7702 1
8.25 1
37,52 1
330.20 1
43.000.000 1
4-6-3 1
1233 1
2077 1
4.05 1
0.14 1
62.000 1
17.18.19 1
71. 1
1,53 1
11,12,13,14,15,16,17,18 1
67,54 1
9-2-5 1
120-125 1
1,31 1
10-26 1
71324343 1
000-900 1
0,30 1
1987-2013 1
0.002 1
490. 1
212-581-4173 1
7551 1
247000 1
220-02 1
16-0 1
21-39 1
6500-7265 1
1-8-0-0 1
8,11 1
80-70 1
35,7 1
36-35 1
35-30 1
35-27 1
35-20 1
375000 1
1784 1
47861 1
7171 1
759.000 1
0.09 1
0.03 1
662700 1
1.86 1
19.4 1
81.678 1
213-555-1515 1
30.136 1
16-30 1
13985 1
00.04 1
195. 1
105,55 1
08-30 1
6.46.30 1
6.37 1
6.37.30 1
6.33 1
6.31 1
29.23 1
1926-2005 1
21943 1
330000 1
41,4 1
41,3 1
137. 1
81.55 1
18.95 1
4-8-1 1
3224 1
9.600 1
07.43 1
9321 1
30-47-1 1
5712 1
œ 1
134. 1
5,14 1
399,99 1
1-1-5 1
159,99 1
11,25 1
19,90 1
2521 1
12-6 1
5577 1
158. 1
99,6 1
5,57 1
77-09-21 1
200100 1
4882 1
09.17 1
178.603 1
58.122 1
4672 1
29-30-31 1
99.997 1
39452 1
11989 1
5197 1
4-2-1-7 1
20.000-30.000 1
06-22 1
6250 1
38,40 1
20.16 1
748 1
734-3612 1
7814 1
2599 1
0518-02 1
555-0179 1
22224 1
20,000-1 1
2224 1
913 1
0198 1
555-0188 1
3245 1
1256 1
0.5.8 1
7.4.8 1
03- 1
15.39 1
215-555-0122 1
1330 1
9.37 1
85-1 1
17.13 1
29-7-85 1
98-97 1
20.34 1
1,5ù4 1
3ù8 1
405050 1
88,9 1
18,27 1
94941 1
3,11 1
3-5-2 1
1243 1
3929 1
8412 1
11.52 1
12.25 1
14-0 1
33-13 1
24-21 1
24-14 1
17-7 1
380000 1
24-12 1
24-6 1
1-800-238-6648 1
936. 1
800-238-6648 1
900-656-3100 1
125,000 1
19-8 1
19,98 1
1,94 1
90,5 1
591.9 1
1900-1940 1
39.99 1
95.45.265.284 1
58,9 1
166,41 1
362.5 1
47862 1
9,78 1
215.9 1
866-907-3235 1
1644 1
02079460996 1
7632 1
3438 1
12-38 1
10ù15 1
.400 1
1436 1
9583 1
58000 1
212-664-7665 1
13.13 1
19,000 1
352000 1
412-1-44444 1
5550187 1
83,77 1
91384 1
08.08 1
128642 1
47874 1
25,959 1
23,600 1
00090 1
1126 1
7415 1
4347 1
2001-2002 1
140662-0191 1
23-47 1
25-26 1
13-18 1
13.12.1989 1
22564943 1
34729647 1
3655 1
35829 1
43-1-11 1
5185 1
202-148-0215 1
9.13 1
5503 1
1.4.-12.4.2009 1
212-555-0192 1
01.32 1
00.33 1
23.56 1
22.57 1
21.54 1
19.12 1
19.06 1
54.09 1
54-09 1
39.9 1
03-02 1
8316 1
40019 1
54-23 1
4451 1
49,395 1
5590 1
3669 1
350,000 1
4,345 1
12,243.67 1
8537 1
351,8 1
14267 1
1133 1
8.14 1
62-54 1
1880-1935 1
1989-1990 1
12.01 1
06.33 1
2353 1
8-0-0-0 1
50-75 1
12,84 1
9488 1
97.4 1
92-91 1
00.53 1
1.400.000.000 1
212-555-0106 1
29.-30. 1
2641 1
10.0 1
05.11.2005 1
87037 1
4-2-1-9-1 1
42191 1
10.20-10.25 1
3618 1
10-40 1
517-555-0199 1
321,6 1
12-1-0 1
31-0-0 1
17-0-0 1
6,20 1
14.41 1
90-89 1
1.-10. 1
1-7-12-33 1
41-1 1
6.51 1
6270 1
196575 1
40-55 1
4,23 1
2390 1
10.26 1
38,925 1
36,921 1
7-442 1
895 1
1245 1
11.4 1
216-217 1
5-19 1
0362 1
0207 1
2008-2012 1
14.27 1
18-55 1
51-49 1
49,4 1
94,7 1
247,63 1
91099 1
75263 1
62,2 1
49,2 1
34.30 1
0557 1
2930 1
33100 1
6,356 1
37-38 1
30-20 1
9.02 1
99.75 1
4.47 1
1,41 1
65º 1
10º 1
47,23 1
17.43.30 1
5-1-7 1
381410 1
50.500 1
5-215 1
187000 1
6362 1
3499 1
7899 1
2-5598 1
2-7099 1
45,000 1
2-3-400 1
2623 1
3214 1
2673 1
891 1
3.47 1
5.10 1
401.5 1
01.47 1
6021 1
02-04-80 1
21.29 1
27-4 1
6-1-0 1
897-3434 1
10.30-12.00 1
23224 1
10.28 1
15350 1
300-900 1
10-ã 1
± 1
4199 1
8226 1
52-43 1
12-49 1
5-11 1
438,000 1
2031 1
50-70 1
8921 1
271166-1883 1
4012 1
93,78926 1
93,789 1
94,3 1
1212-654 1
703-1 1
1,216 1
10-90 1
290.600 1
2239 1
1942-2010 1
13-13-13 1
21734 1
53,719 1
0-0-1-7-0-0 1
52,156 1
22,249 1
16.05 1
1900-1910 1
1909-1910 1
175392 1
1903-1960 1
629100 1
1232 1
35-8 1
27,020 1
20,23 1
25567 1
308. 1
4.2.2004 1
1.2004 1
15.12.2003 1
11.2003 1
22.17 1
9120 1
06.05 1
3.736 1
31,520 1
23.11 1
32,5 1
21185 1
35,520 1
95463571 1
0.3 1
48439.7 1
9909 1
.1987 1
12.1 1
150004 1
1116 1
1328334 1
6,81 1
9521.6 1
05.15 1
2-4-7-5 1
2-5-7-4 1
1807 1
36-48 1
03.25 1
11,75 1
02.55 1
2,700 1
1.01 1
57598 1
4923 1
39,58 1
289000 1
1024,50 1
23520144 1
9.38 1
6,47 1
34,4 1
323.75 1
19.3 1
125,7 1
2004-2009 1
1929-2009 1
11447 1
1958-2010 1
98495 1
154936764 1
2258 1
48735,9 1
30,562 1
2.900 1
5.50 1
4705 1
110-94 1
3048 1
98000 1
91,2 1
19.844 1
5.312 1
15.369 1
2242 1
14.65 1
59,040 1
12.02 1
04.20 1
2.88 1
24.1 1
14.42 1
300807-0504 1
15.52 1
1.500. 1
48734,2 1
57-56 1
22-22.30 1
349,90 1
13.50 1
877,55 1
4011,6 1
1954-1962 1
4011 1
185,98 1
158,8 1
1.10 1
02,680 1
64,60 1
9522.6 1
2-10-11 1
505. 1
5-1-0 1
3-1-7 1
3-2-9 1
5-0-4 1
7414,1 1
7413,4 1
20.1 1
7412,6 1
53,4 1
7411,4 1
1-3-0-5 1
1-0-6-4-3-2-1-8-5 1
48693,2 1
7.84 1
27.11.64 1
1.65 1
48710,5 1
555-4459 1
0-9-2-6-4 1
1990-1991 1
360000000 1
492.000 1
5-5-5-4-2-0-2 1
3-6-4-7-7-2 1
20.09 1
44.30 1
18,72 1
7,56 1
.226 1
10.8.88 1
74.39 1
18.4 1
2,24 1
10-46 1
01.501 1
59.767,1 1
39.100 1
35.501,1 1
52.767 1
51.634,0 1
596135 1
3650000000 1
9529 1
5036 1
9828 1
2-1-5 1
48307,5 1
1976-79 1
58.000 1
12.44 1
13.10 1
13.04 1
48702 1
55-7 1
12.34 1
5388 1
.70 1
.85 1
00.8 1
555-1111 1
2851 1
8055553234 1
25,003 1
21,874 1
555-3535 1
2111 1
2514 1
17-10 1
1200700 1
11201 1
14.4 1
1331 1
10647 1
1193 1
32,20 1
14,38 1
43069921 1
1-8-4 1
7.02 1
49011 1
151368 1
5350875 1
47981 1
3315 1
3316 1
1702 1
29.256 1
5070 1
24-39 1
103,97 1
2.02 1
27.6 1
391250 1
3211 1
33.1 1
32.0 1
64.5 1
31.4 1
62.7 1
48832,1 1
2741 1
6337 1
110-120 1
6000-7000 1
1304 1
8602 1
4045 1
48840,5 1
97,50 1
71.800 1
27,8 1
33000 1
0717 1
1951-1962 1
217.015 1
01.55 1
123. 1
03.58 1
48623,5 1
1945-1949 1
58.14 1
540-555-678 1
4662 1
3682 1
30,96 1
0,18 1
48846,5 1
9543 1
1,85-1,90 1
26,3 1
159,7 1
48859,3 1
3-57 1
64722 1
1421 1
93000 1
48579,4 1
48-49 1
11,80 1
694-876 1
672 1
0759 1
2.55 1
14-14.30 1
08.1 1
08.18 1
3212 1
5553212 1
15.51 1
09.11.44 1
2-6-5 1
2-1-0 1
6436 1
48975,1 1
2-0-5 1
54-90 1
081-50-9199 1
4409958 1
15-33 1
08,5 1
28.17 1
30-45 1
18-22 1
684-1 1
555-67 1
555-6799 1
3271 1
6.10 1
4,27 1
07199 1
2.04 1
12.36 1
1-8-8-3 1
1-8-8 1
3,69 1
12.18 1
2,40 1
294721 1
8771 1
4203 1
54,334 1
48532.4 1
10.3 1
0,0043 1
6,14 1
.21 1
08.12 1
6,24 1
1988-91 1
26,27,28,29 1
61,62,63,64,65,66,67 1
58,59,60 1
51,52,53,54,55,56 1
48,49,50 1
41,42,43,44,45,46,47 1
30,31,32,33,34,35,36,37,38,39,40 1
19,20,21,22,23,24,25,26,27,28,29 1
2361 1
10620 1
4862 1
1-1-4 1
52385 1
29999 1
4938 1
2777 1
.455 1
2701 1
355,57 1
1678 1
618429 1
28.4 1
167,78 1
73.5- 1
73.5 1
34,05 1
118,30 1
134,58 1
15-7 1
8202 1
351,87 1
777. 1
19-16 1
16-16 1
2075 1
.30-06 1
12,46 1
06.04 1
3865 1
2083 1
1222 1
103. 1
528-491 1
47,644 1
46,668 1
59,886 1
54,673 1
318,50 1
3-0-8 1
1-0-8 1
08.00-08.30 1
180. 1
34-59 1
048-32-1198 1
07902-42-884 1
07902-24-921 1
067,24 1
2-6-9-1-4-8-1-9-9-8 1
312-421-6700 1
10365 1
8.600 1
0,041 1
33,312 1
2081 1
148.000 1
23.44 1
10742 1
0-6-1-1-9 1
0-1-5-0-6 1
97-98 1
1543 1
13.400 1
12.600 1
1538 1
215.000 1
60-59-43 1
56-0 1
1533 1
18750 1
22500 1
2850 1
35,952 1
38.41 1
41-12-08 1
2360 1
2290 1
11-3 1
0-5 1
.158 1
.625 1
132-133 1
.260 1
1.092 1
.291 1
.324 1
.477 1
768 1
1907-1944 1
7-750 1
24994 1
48,5 1
1615 1
85-92 1
19-7 1
0801 1
11-7 1
0403 1
225- 1
78,000 1
5443 1
4195 1
99,7 1
48,3 1
73096 1
72909 1
5-6-3 1
3.54 1
552,33 1
310-246-3129 1
7676 1
2718 1
7645 1
9-4-6-0-3-3-5 1
48892,1 1
7337 1
668 1
19.14 1
1948-2010 1
48308,2 1
23.22 1
14250 1
12-2-18-09 1
0,00001 1
伸ばしたい 1
手 1
けれど 1
果てない 1
よう 1
明日 1
広がる 1
空 1
思った 1
星 1
遠い 1
一番 1
願い 1
無くしたくない 1
ん 1
歩い 1
道 1
忘れない 1
2070 1
4268 1
14.09 1
49208,5 1
2-8-0-6-3-5 1
48423 1
10247 1
001-508-146-2595 1
2,315 1
4,2119 1
49,50 1
1,349.99 1
8592 1
70-90 1
• 1
1534 1
1626 1
158,9 1
505-555-0199 1
12-36 1
2740 1
13.28 1
319,4 1
059,72 1
いつも 1
7,23 1
1021 1
12756 1
.600 1
6.03 1
1856-1891 1
11.13 1
447000 1
917-2890796 1
57,90 1
42,75 1
019 1
1378 1
9,975 1
41,180 1
2816 1
31,25 1
96,8 1
999-536-4389 1
9,99 1
92,40 1
171,43 1
06.03 1
37-1 1
16.48 1
32.16 1
40-90 1
5550001 1
154,400 1
7.29 1
0107 1
7.250 1
91170086 1
51,3 1
21,36 1
22.15-22.20 1
00.47 1
20089 1
5766 1
393 1
7479 1
2057 1
1446 1
24,9 1
13.41 1
1314 1
ò 1
ð 1
7,81 1
07.33 1
2,38 1
28.336 1
420000 1
11,8 1
87645 1
4753 1
102,5 1
505-503-4455 1
02.24 1
2606 1
4-7-0-9 1
1621 1
40-26-36 1
450912-2341 1
4509 1
81426-370 1
10.400 1
6715301 1
8œò 1
2798 1
8.18 1
šò` 1
39,865 1
37,628 1
153,8 1
134,9 1
112,7 1
48315,6 1
3617 1
19.4-5 1
1-2-0-2 1
1-2-8-1 1
17.46 1
13.31 1
16.49 1
16.18 1
18296 1
89.7 1
1965-70 1
8.26 1
4.59 1
旅 1
いた 1
始まっ 1
5,45 1
1.85 1
4.99 1
2652 1
91876 1
24.95 1
17,000 1
0603 1
10,87 1
9.0 1
1697 1
1699 1
41.500 1
45,66 1
9.47 1
9454 1
277995 1
277890 1
266768 1
312-555-0197 1
20.06 1
15,000- 1
58-42 1
5158 1
1-6521265 1
4-3-6 1
60621 1
1372 1
63.851 1
21.57.38 1
21.54.14 1
18.4.2002 1
18-4-2002 1
47-48 1
105.5 1
24-19 1
7-8.000 1
0- 1
44,6 1
9-9-7-2-5 1
11-41 1
39-02 1
18,21 1
3,73 1
1- 1
9-19 1
125.200 1
5745 1
1,49 1
0760 1
11.02 1
1.111 1
4-2-4-0 1
310-467 1
18.08 1
173-180 1
12,4 1
5-5-5-4-8-1-7 1
28,8 1
5-6-8-9-1-7-0-0 1
9,75 1
17.27 1
16.16 1
15.59 1
15.56 1
418.059 1
6353 1
181.113 1
11,9 1
2244 1
74920 1
553 1
102-97 1
12,40 1
65-07-01 1
999000 1
917-176-2030 1
1085.1 1
78000 1
92,6 1
13201 1
80-34-36 1
331-13-37 1
13.17 1
2948 1
74561 1
15000-20000 1
274632 1
1983-1989 1
10-94 1
11,22 1
11,41 1
壊れ 1
あの 1
知らなかった 1
48784,2 1
本当 1
10390 1
219,47 1
79.42.1620084 1
0631 1
049 1
547,5 1
8150 1
14.56 1
49005,3 1
5.57 1
21.09 1
1279 1
8315 1
5.79 1
心 1
12075 1
ずっと 1
てた 1
から 1
なった 1
好き 1
49211,5 1
誓う 1
いたい 1
側 1
絶やさず 1
笑顔 1
気持ち 1
全て 1
ある 1
たくさん 1
が 1
伝えたかった 1
ば 1
なら 1
届く 1
もしも 1
探し 1
2318 1
195,6 1
17-5 1
1179 1
2073 1
16.07-16.09 1
17.9 1
64,8 1
1172 1
41800 1
47.64 1
21,5 1
14.11 1
6894 1
19,46 1
4897 1
1337 1
11,88 1
11,17 1
10.98 1
12,98 1
12.29 1
1291 1
3.11.59 1
6-9 1
29750 1
022,8 1
09.57 1
9.55 1
757.000 1
3-2-2-7 1
415,120 1
5434 1
0737-140863 1
13.39 1
5490 1
108,18 1
10.17 1
10.07 1
2278,3 1
288,9 1
22-10-40 1
71.40 1
8885342 1
1568709 1
874273993 1
19.42.46 1
0-9-7 1
469 1
704162 1
11,89 1
36-38 1
.20 1
6,80 1
2640 1
80000-100000 1
238944 1
35,205 1
29,972 1
22.500 1
0720 1
0653 1
8000-10 1
669-54-7311 1
79-84 1
4348 1
91-26-35 1
48-03-01 1
67-46-90 1
15,15 1
46-13-08 1
5143690 1
212-555-0118 1
5-2-7-4-9-3-3-2-0-6-8 1
9225004 1
1764 1
0233 1
750410 1
1605-1630 1
4901 1
14-18 1
92,88 1
12.22 1
1611 1
13066266 1
917-555-0157 1
502. 1
.80 1
79. 1
1,24 1
23.34 1
004123317 1
10-34 1
2.85 1
4-0-3-4 1
499,500 1
27.2.75 1
63427 1
4-3-7-8 1
555-2937 1
13-86 1
2-7-3-6 1
05.11.94 1
14-91 1
49,5 1
246,30 1
7-3-6-9 1
1-4-9-1 1
49-9-9-9-8 1
24.29 1
24.20 1
0-80 1
3-5-8 1
0-4-2 1
3-5-6-8-3-3 1
14.29 1
8-4-9-4 1
16.54 1
02.05 1
212683550 1
1-7-1-2-4-4-8-2-9-2 1
1005 1
32,000 1
608-473-4127 1
1912-1923 1
0.99 1
07,080 1
04,327 1
323-555-6439 1
34762 1
551-479 1
190-220 1
1934-1999 1
665. 1
7-1-3 1
28527 1
3165936 1
2-0-2-2 1
23.23 1
64-65 1
3.92 1
.28 1
560.000 1
550.000 1
540.000 1
0886 1
0,666 1
66-10 1
42007 1
11837 1
198741 1
90-95 1
8347 1
731106-7116 1
5532 1
3,30 1
3086 1
3311 1
54.999 1
660.000 1
110.000 1
580.000 1
4646 1
610.000 1
630.000 1
6,5-7 1
14.38 1
61991 1
1982-86 1
1-8-2 1
5.44 1
2-3-4-7-9 1
2-3-6-7 1
2-3-4-7-8-6 1
3-7-9-4 1
1.42,413 1
9007 1
2,43 1
16.56 1
555-2189 1
1.250 1
805.000 1
790.000 1
780.000 1
620.000 1
8.64 1
14,599 1
4002 1
1-5-4-9 1
1-5-4-8 1
1-5-4-7 1
1-5-4-6 1
1-5-4-2 1
1364 1
3434 1
12.90 1
49,033 1
47,112 1
1242 1
624 1
1942-1945 1
967-2001 1
5-0530 1
0807 1
29` 1
33` 1
0-3-4 1
33-1 1
09,571 1
40,8 1
9044 1
4001 1
2502 1
56.000 1
117,13 1
4,3,2,1 1
04-15 1
4-15-71 1
917-555-0101 1
6.717.323.711 1
6.14 1
799. 1
916. 1
5,41 1
5,42 1
94. 1
14.00-14.05 1
1119 1
09.03.2007 1
850000 1
15-1 1
2164 1
47500 1
9135 1
312-555-0143 1
3-42 1
20,652 1
18,024 1
24,03 1
273000 1
20-40-50 1
20-40-60-80 1
96,4 1
7-8-9-10 1
20-4045-46 1
4796 1
10.41 1
22,98 1
59,545685 1
10,574987 1
30,119 1
27,905 1
08,284 1
917-454 1
05,684 1
102,1 1
115,90 1
03.40 1
11,43 1
31,160 1
29,568 1
00-02 1
11030,4 1
3450,2 1
10.51 1
91291 1
310-691-6496 1
90401 1
90245 1
22298 1
1114905 1
99,10 1
112,05 1
113,50 1
116,10 1
116,00 1
115,10 1
09.44 1
33,248 1
2450 1
62-10 1
494000 1
315000 1
99,5 1
68401 1
01.23 1
96.000 1
07.23 1
12-879 1
23,75 1
5236 1
152,4 1
10-520 1
29.80 1
6971 1
1.5011. 1
10-545 1
75-49 1
93102785 1
20-7 1
30,449 1
10-71 1
144000 1
171,05 1
------ 1
8-13 1
16781 1
0105 1
6.87 1
69,95 1
067-88-88977 1
21-22 1
85.5 1
11.16 1
1799 1
2.-4. 1
1.000. 1
401000 1
800000000. 1
11,95 1
07.63 1
555-7556 1
1980-81 1
555-0118 1
504-555-0147 1
5874 1
08.38 1
2992 1
29,96 1
0105000 1
47600 1
22º 1
127.82 1
120.6 1
7-6-2 1
5273 1
9268 1
2061 1
10255 1
51216 1
31,2 1
270.000 1
470.000 1
772 1
2-90 1
08.46 1
75,5 1
7852 1
9445 1
321-1321 1
0745 1
49017 1
609-555-4382 1
1649 1
24,41 1
5093 1
1933-1937 1
1910-1914 1
....... 1
2-4-3 1
1.93 1
4-1-2-0-5 1
0913 1
07.28 1
797 1
6-8000 1
2433 1
2374 1
46º 1
1981-92 1
6339 1
5120 1
35,963 1
8100 1
1934-54 1
539146 1
65` 1
70` 1
3-14-89 1
20501 1
43,16547 1
22-16 1
27,94654 1
37,028 1
35,155 1
460000 1
17,4 1
44,697 1
41,497 1
04,698 1
02,821 1
38,986 1
1928-1976 1
1928-1941 1
1913-1921 1
2487 1
29,14 1
148,75 1
0,198 1
4732 1
25,55 1
40,083 1
26382 1
49,99999 1
4.04 1
856 1
229-00-8003 1
40-50-100 1
1.650 1
39.000 1
0313 1
11.22 1
18.90 1
5.500 1
1500-2000 1
617-555-9180 1
10-66 1
345-11 1
1-0-9 1
49690.1 1
103,3 1
2133 1
41,77 1
50032,7 1
16.1 1
0,68 1
021.4 1
0.215 1
1486 1
50893,5 1
235,08 1
50392 1
217,47 1
50384,2 1
10.265 1
7839 1
2269 1
1158 1
49694.2 1
9,25 1
325,5 1
25,33 1
49342.5 1
49337.4 1
49373,4 1
0,057 1
9,92 1
31,50 1
16347 1
11369 1
3711 1
832156 1
32156 1
49507.2 1
49504.3 1
2253 1
105,40 1
1314807 1
818-133-6089 1
103-7206 1
25,16 1
8,75 1
2214 1
37600 1
143,060 1
50312,5 1
010,4 1
46437,5 1
49447 1
47582 1
196,4 1
290967-2451 1
401-22-84 1
34150 1
30500 1
1101 1
6100 1
3,200 1
7256 1
42222 1
6-0-9 1
13,14,15,16,17,18,19,20 1
8,60 1
1940-1965 1
351,10 1
49485.2 1
91-61-91 1
272,19 1
141,20 1
314,21 1
491170 1
140,317 1
50361,7 1
50351,4 1
50348,1 1
2216 1
181,2 1
323,75 1
240,6 1
50126,4 1
49548,7 1
005,318 1
10,2 1
3000000 1
555-4329 1
9723 1
375.000 1
151,8 1
346. 1
2209 1
1.415 1
1347 1
757-6521 1
524-743 1
456-1414 1
27-3 1
25966 1
16.02 1
40,55 1
17,20 1
1932-33 1
2601 1
2270 1
4-5620 1
69290 1
3928098 1
8850714 1
7310711 1
8247996 1
4315997 1
14379 1
9223299 1
182-1 1
475-2598 1
77300 1
12,500 1
087 1
2325 1
2049 1
600324 1
0,051 1
0,00002 1
¹ 1
5.47 1
4.80 1
30,35 1
1064 1
469-6151 1
64000 1
421-7596 1
4-6823 1
6912 1
04.07 1
9.27 1
1.873 1
6480024 1
3462 1
50074,5 1
50074,3 1
126.9 1
2.4 1
67253725 1
6-7-5-4-5-9 1
16,078 1
12,927 1
12600 1
216000 1
31,7 1
50211,4 1
50203,1 1
12,1 1
039 1
7.05 1
285.000 1
2627 1
4108 1
3-0-0-1 1
3629296 1
50425 1
49678.4 1
32500 1
1016 1
1.98 1
1561 1
22600 1
50252,3 1
60-69 1
26-30 1
110,60 1
50063,2 1
49301.2 1
12.59 1
62-0 1
1048 1
16,30 1
2296 1
271,64 1
50156,2 1
788,30 1
49655.2 1
1,0 1
1,27 1
81,40 1
12005 1
0214 1
1-1-1-0-5-12-12-5 1
3-5-8-22-9-7 1
1752 1
1752.1-7-5-2.1752 1
1-7-5-2.1752 1
2-5-7-1 1
2,12,13,21,31,36 1
7.8 1
2-5-7-2 1
2-5-7-3 1
4.7.69 1
2.68 1
5760 1
18.8 1
12.2.1968 1
13.1.1992 1
10.9.90 1
6-2-8 1
1968-69 1
1448 1
5-7-5 1
7150 1
30363896 1
02.43 1
9930 1
2,488 1
1,450 1
78.5 1
0326 1
294,68 1
11235 1
6-4-7 1
2-7-5 1
40-45-38 1
111-53-27 1
19.-22. 1
070801 1
390630-1 1
3-8 1
3,05 1
99.999999 1
5637 1
118.21 1
.......................................................................................................................................................................................................................................................................................................................................................................................................................................................................................................................................................................................................................................................................................................................................................................................................................................................................................................................................................................................................................................................................................................................................................................................................................................................................................................................................................................................................................................................................................................................................................................................................................................................................................................................................................................................................................................................................................................................................................................................................................................................................................................................................................................................................................................................................................................................................................................................................................................................................................................................................................................................................................................................................................................................................................................................................................................................................................................................................................................................................................................................................................................................................................................................................................................................................................................................................................................................................................................................................................................................................................................................................................................................................................................................................................................................................................................................................................................................................................................................................................................................................................................................................................................................................................................................................................................................................................................................................................................................................................................................................................................................................................................................................................................................................................................................................................................................................................................................................................................................................................................................................................................................................................................................................................................................................................................................................................................................................................................................................................................................................................................................................................................................................................................................................................................................................................................................................................................................................................................................................................................................................................................................................................................................................................................................................................................................................................................................................................................................................................................................................................................................................................................................................................................................................................................................................................................................................................................................................................................................................................................................................................................................................................................................................................................................................................................................................................................................................................................................................................................................................................................................................................................................................................................................................................................................................................................................................................................................................................................................................................................................................................................................................................................................................................................................................................................................................................................................................................................................................................................................................................................................................................................................................................................................................................................................................................................................................................................................................................................................................................................................................................................................................................................................................................................................................................................................................................................................................................................................................................................................................................................................................................................................................................................................................................................................................................................................................................................................................................................................................................................................................................................................................................................................................................................................................................................................................................................................................................................................................................................................................................................................................................................................................................................................................................................................................................................................................................................................................................................................................................................................................................................................................................................................................... 1
74,999,000 1
237,000 1
45-65 1
0-7-0-9 1
5858 1
5302 1
5301 1
115-113 1
115-114 1
5459 1
2,39 1
9171571431 1
00.26 1
1571431 1
212-165-9990 1
116-112 1
1653000 1
17,9348 1
38,25 1
24,999,000 1
33.58 1
44- 1
3850 1
02.40 1
549241810 1
14-21 1
310-597-3781 1
4272 1
4270 1
4269 1
19.26 1
4271 1
4535 1
8-04-04 1
30.057 1
15.029 1
2670 1
974.06 1
118.21.40 1
33.58.11 1
10077 1
15.2- 1
3848 1
80085 1
4-8-3 1
1135 1
1345 1
5-600.000 1
37,000 1
11,1 1
29.95 1
.732 1
4-19 1
9-2-0 1
7000-9000 1
1468 1
1-800-445-3211 1
1-800-446-3211 1
2,3,4 1
927 1
5,6,7 1
10,30 1
730810-1 1
1998-99 1
198,36 1
1217-07 1
07.03.73 1
1217-08 1
118.000 1
397492 1
526. 1
726256 1
08.50 1
372. 1
48658,2 1
762513 1
949 1
125,21 1
48642,5 1
1998-2001 1
190405 1
190405243 1
8090 1
12.08 1
7263 1
555-1352 1
57,2 1
4475 1
1208 1
0736 1
1218 1
10.07.83 1
020406 1
312-346 1
3575 1
32,43 1
75-80.000 1
110-155 1
25-40 1
987.000 1
10-8-05 1
0.8 1
10.33 1
6368 1
3024-3012 1
1764.3 1
1-4-4 1
4.2 1
52,2 1
1177 1
733,42 1
9735550146 1
1265 1
652 1
1415 1
92645 1
14.500 1
3-5-9 1
2254 1
21.03 1
90-104 1
23.13 1
01.50 1
31.10 1
05.38 1
5,30 1
14-6 1
46-48 1
15.53 1
73818 1
490812-1 1
853 1
1195 1
21153 1
5978 1
16-6 1
47457 1
