, 21409
. 11807
? 10591
! 9113
' 7945
- 5053
... 2478
" 2240
: 603
.. 599
2 173
3 116
; 111
5 86
4 85
10 81
1 57
6 50
20 45
8 44
15 41
7 38
12 34
30 31
000 25
100 23
11 22
50 19
) 19
13 18
00 18
9 18
( 18
% 17
17 16
40 16
200 16
14 15
1000 13
16 12
25 11
400 10
120 10
45 10
/ 10
18 10
2000 9
500 8
80 8
60 8
300 8
19 8
24 8
100,000 7
150 7
3000 7
400,000 7
33 7
5000 7
22 7
[ 6
] 6
35 6
110 5
350 5
10,000 5
23 5
26 5
20,000 5
900 5
à 5
1788 5
1944 4
90 4
38 4
800 4
\ 4
28 4
1989 4
70 4
​ 4
5,000 4
1793 3
30,000 3
28,000 3
10.000 3
6000 3
37 3
47 3
29 3
55 3
1981 3
1977 3
27 3
43 3
} 3
305 3
50,000 3
200,000 3
63 3
420,000 3
32 3
98 3
600 3
$ 2
1640 2
6347 2
{ 2
1668 2
1942 2
67 2
3240 2
10000 2
40,000 2
42 2
3.2 2
20.000 2
1898 2
1789 2
2.3 2
1949 2
+ 2
1968 2
206 2
1994 2
1982 2
1807 2
1971 2
56 2
64 2
600,000 2
1870 2
1815 2
3.50 2
41 2
57 2
වේවා 2
30,509 2
04 2
300,000 2
58 2
21 2
2006 2
180 2
1,8 2
180,000 2
12,000 2
59 2
227 2
8000 1
82 1
1783 1
23,210 1
13,736 1
03,986 1
371 1
1980 1
1816 1
2014 1
1976 1
1849 1
1787 1
1812 1
1953 1
2008 1
13,926 1
1978 1
1972-1976 1
250,000 1
1956 1
1792 1
2024 1
1,750 1
210 1
150,000 1
ජය 1
165 1
13,000 1
518978 1
975 1
659905 1
1937 1
609 1
4719 1
8,400 1
1997 1
1485 1
3,000 1
65 1
ආයිබෝ 1
324 1
229 1
83 1
115 1
80,000 1
51 1
20285 1
1945 1
1950 1
1805 1
1802 1
1795 1
1794 1
1660 1
84 1
1985 1
2250 1
1,400 1
14.21 1
48 1
450 1
5.000 1
1920 1
1,15 1
2.5 1
10-12 1
50.000 1
18.000 1
380 1
212 1
01 1
7500 1
.308 1
2155 1
2500 1
6510 1
1-900 1
097 1
7000 1
340 1
86 1
61 1
890,000 1
1728 1
34 1
330,000 1
330 1
1941 1
399 1
1,5 1
7200 1
8400 1
10800 1
5,14 1
7.14 1
1300 1
2010 1
2,5 1
2443 1
53 1
1500 1
1967 1
1250 1
2.20 1
95 1
1988 1
2473 1
46 1
1973 1
259 1
4800 1
26,36 1
182 1
050 1
98,85 1
15000 1
‪ 1
1,500 1
25,000 1
250 1
1966 1
1750 1
2750 1
36 1
10,5 1
19,5 1
76 1
662 1
1817 1
29,80 1
1701 1
1,000 1
1715 1
1717 1
25000 1
750 1
1400 1
1943 1
3500 1
50000 1
90000 1
94 1
3250 1
31 1
164 1
