. 718617
, 462378
? 207299
- 135950
! 109322
... 69541
" 36202
' 22189
— 10752
: 10348
\ 5747
) 5300
♪ 4867
.. 4491
} 3704
– 3381
( 2647
╬ 2506
﻿ 2279
╟ 2078
╣ 2036
] 2006
[ 1984
┌ 1746
; 1514
* 1503
╦ 1287
10 1174
│ 1125
° 1118
{ 1095
2 965
╩ 919
─ 884
5 875
╡ 868
20 821
3 798
/ 795
_ 788
╪ 759
© 707
1 701
┐ 697
╨ 664
4 651
▄ 628
№ 614
28 606
15 593
30 588
▐ 581
6 571
· 557
12 550
50 539
7 510
± 496
▀ 482
8 473
0 462
┤ 446
╠ 440
% 438
ъ 422
22 414
00 413
100 398
9 386
14 373
$ 326
¶ 312
40 307
11 288
┬ 283
╧ 280
э 274
000 261
18 249
752 245
13 245
17 236
25 232
16 220
200 211
# 204
▌ 199
= 196
24 195
ў 191
┘ 180
60 174
21 169
~ 166
500 163
® 162
­ 149
▒ 147
÷ 143
45 142
300 141
19 137
ё 132
¦ 128
² 120
35 117
23 115
48 103
80 103
26 102
90 100
═ 94
э-э 92
39 90
70 90
+ 87
​ 84
911 84
█ 83
27 83
‚ 83
╒ 80
36 77
68 76
■ 75
400 75
1000 75
42 68
32 64
┴ 63
250 63
01 62
▓ 61
2016 61
╞ 60
150 59
65 58
38 58
♫ 58
├ 56
2000 55
350 55
75 53
@ 53
╔ 53
47 53
§ 53
37 52
120 51
55 50
29 47
43 47
≤ 47
31 47
41 46
600 46
33 43
34 42
║ 41
800 41
58 40
⌠ 39
44 39
492 37
51 37
61 36
2015 36
52 36
2010 36
95 35
06 35
98 35
473 35
72 34
3000 34
99 33
46 33
56 32
700 32
180 32
85 32
66 31
╗ 31
эээ 31
ј 31
¬ 31
54 31
5000 30
59 29
583 29
62 29
389 29
¤ 28
2005 28
110 28
49 27
64 27
53 27
193 25
73 25
1970 25
2001 25
2014 24
2011 24
2003 24
≈ 24
└ 24
103 24
2009 24
63 24
05 23
2006 23
ээ 23
2012 23
08 23
84 23
░ 22
69 22
57 22
96 21
168 21
125 21
1994 20
2008 20
77 20
∙ 20
92 19
€ 19
1980 18
2,5 18
101 18
97 18
666 18
1972 18
74 18
145 18
102 18
1943 17
87 17
690 17
113 17
469 16
78 16
02 16
1999 16
ўё 16
100,000 16
04 16
03 16
z 16
112 15
1918 15
91 15
2004 15
93 15
2013 15
1200 15
1989 15
1987 15
360 14
3-4 14
1939 14
‡ 14
2500 14
88 14
67 14
160 13
07 13
1985 13
1947 13
1997 13
900 13
1983 13
274 13
999 13
105 13
30,000 13
210 13
10000 13
1945 12
248 12
| 12
76 12
140 12
114 12
130 12
09 12
2007 12
170 12
⌡ 12
10,000 12
007 11
j 11
243 11
1971 11
1998 11
1944 11
82 11
240 11
5,000 11
µ 11
86 11
312 11
165 10
ѕј 10
-- 10
1928 10
220 10
1955 10
157 10
815 10
0000,0000,0000 10
6000 10
2-3 10
1949 10
1973 10
83 10
ы 10
10.000 10
20000 10
1977 10
1978 10
30.000 10
280 10
1992 10
1986 10
0,0 10
8000 9
1988 9
1979 9
1996 9
237 9
227 9
1974 9
107 9
1958 9
1500 9
604 9
3-6 9
1981 9
115 9
701 9
2002 9
6096 9
850 9
4000 9
143 8
2400 8
363 8
260 8
127 8
1940 8
416 8
1976 8
1912 8
128 8
100000 8
1965 8
2571 8
230 8
540 8
50,000 8
710 8
131 8
2.5 8
1982 8
1963 8
э. 8
144 8
1100 8
79 8
450 7
1,5 7
173 7
1941 7
2,000 7
420 7
129 7
71 7
650 7
1946 7
1968 7
320 7
123 7
81 7
4-6 7
167 7
1995 7
8.30 7
4032 7
295 7
^ 7
106 7
264.24 7
630 7
1952 7
138 7
119 7
820 7
135 7
.30 7
89 7
300,000 7
520 7
287 7
3-0 7
µµ 7
324 7
108 7
5-6 6
613 6
2800 6
25,000 6
109 6
421 6
347 6
225 6
1505 6
..... 6
980 6
417.6 6
1964 6
8.00 6
693 6
148 6
4,6 6
306 6
581 6
357 6
1090 6
166 6
24601 6
200.000 6
218 6
5506 6
4-5 6
620 6
305 6
1,000 6
1948 6
117 6
1953 6
6034 6
╚ 6
429 6
1950 6
10-4 6
1993 6
186 6
9.00 6
ѕѕ 6
1942 6
2300 6
1962 6
1984 6
.... 6
385 6
242 6
1969 6
1910 6
515 6
1911 5
452 5
365 5
308 5
155 5
208 5
1966 5
380 5
2600 5
1863 5
1931 5
259 5
640 5
13.7 5
1,6 5
20,000 5
5-10 5
1957 5
584 5
10-20 5
200,000 5
1935 5
1938 5
133 5
221 5
151 5
256 5
211 5
1800 5
268 5
1280 5
1930 5
1-1 5
601 5
2.000 5
1-6 5
1300 5
132 5
1936 5
1932 5
40-50 5
1920 5
190 5
617 5
202 5
152 5
323 5
302 5
716 5
40,000 5
1600 5
201 5
2-1 5
263 5
3,5 5
1990 5
í 5
µы 5
1804 5
1580 5
880 5
401 5
1504 5
3500 5
50.000 4
50000 4
1951 4
275 4
538 4
100.000 4
104 4
ўµµ 4
5570 4
328 4
158 4
2410 4
7000 4
720 4
920 4
1925 4
198 4
2-9-5 4
2059 4
1210 4
330 4
2700 4
530 4
270 4
261 4
2900 4
147 4
315 4
121 4
20.00 4
17.00 4
226 4
340 4
832 4
118 4
178 4
1.000 4
24.50 4
460 4
2712 4
011 4
122 4
13.00 4
254 4
3-1-7 4
0118 4
235 4
80000 4
1959 4
560 4
1-2 4
558 4
375 4
1927 4
6-6-3 4
359 4
508 4
532 4
....... 4
290 4
534 4
529 4
509 4
486 4
1967 4
407 4
377 4
10-12 4
126 4
1913 4
449 4
1917 4
‰ 4
480 4
195 4
2.0 4
1975 4
175 4
185 4
2-5 4
4,359 4
303 4
341 4
603 4
162 4
7.00 4
386 4
670 4
950 4
5.00 4
15-20 4
2.2 4
394 4
1700 4
412 4
9-1-1 4
1.200 4
10-15 4
1.5 4
273 4
514 4
8,000 4
25000 4
370 4
234 4
10977 4
● 4
6353 4
437 4
2-0 3
80,000 3
1140 3
ўј 3
1380 3
265 3
2030 3
60,000 3
313 3
232 3
3403 3
39200 3
2050 3
9,5 3
4,7 3
576 3
169 3
7,5 3
10-75 3
415 3
364 3
7,2 3
јѕј 3
159 3
137 3
2357 3
14,000 3
490 3
392 3
343 3
1914 3
714 3
1956 3
596 3
7,000 3
30-40 3
2220 3
2,9 3
1790 3
2750 3
4.6 3
20.000 3
196 3
432 3
750 3
1490 3
680 3
21-13 3
141 3
215 3
4,5 3
116 3
1900 3
3-9 3
2080 3
760 3
1010 3
329 3
1934 3
1860 3
1915 3
314 3
257 3
...... 3
3.5 3
12,5 3
2199 3
1550 3
µъ 3
1560 3
2017 3
15-05 3
204 3
470 3
7300 3
60000 3
220-42 3
220-00 3
245 3
1855 3
184 3
9,000 3
4-0-2 3
790 3
1862 3
1880 3
278 3
1400 3
1410 3
682.267 3
1903 3
679.6 3
5-8 3
2020 3
19,000 3
925 3
1,2,3 3
453 3
6030 3
400,400 3
284 3
571 3
1882 3
1780 3
737 3
10.30 3
253 3
25.000 3
183 3
212 3
8.5 3
6.30 3
1.23 3
1892 3
15.00 3
7.30 3
┼ 3
172 3
246 3
1507 3
1916 3
506 3
1922 3
725 3
1.2 3
1776 3
376 3
713 3
500,000 3
293 3
294 3
142 3
792 3
3100 3
285 3
239 3
291 3
5-7 3
4-10-4 3
255 3
1823 3
1991 3
9,2 2
2260 2
33.33,0 2
7676 2
8.899 2
1.700 2
1570 2
518 2
354 2
524 2
40,23 2
34.73 2
1215 2
3.8 2
3480 2
4990 2
1760 2
3010 2
8-9 2
962 2
526 2
5.03 2
3110 2
2970 2
1250 2
586 2
2470 2
5.000 2
3200 2
2490 2
1,2 2
3400 2
1898 2
867 2
25-30 2
1020 2
782 2
2170 2
1270 2
570 2
2230 2
120.000 2
2720 2
2640 2
3,8 2
3130 2
8.2 2
2270 2
0.14 2
2100 2
33,000 2
1-3-3-2 2
30. 2
282 2
1894 2
6.00 2
† 2
4-3-7 2
4-4-6-4 2
1.3 2
454 2
− 2
352 2
9000 2
40000 2
1937 2
380,000 2
3000000 2
417 2
192 2
9,500 2
262 2
2018 2
6,000 2
267 2
4.5 2
504 2
919 2
6-8 2
3511 2
5-9 2
94 2
2303 2
383 2
318 2
288 2
283 2
471 2
390 2
16,200 2
5,6 2
9,99 2
40.000 2
4.000 2
272 2
1225 2
419 2
11,000 2
440 2
07700 2
0,4 2
ѕ 2
565582204 2
2620 2
610 2
740 2
277 2
1620 2
3108 2
0,5 2
289 2
4010 2
2630 2
5701 2
3.0 2
6.50 2
ёёё 2
335 2
1030 2
2110 2
500000 2
550 2
1390 2
2480 2
7,25 2
ёё 2
1,4 2
2320 2
2027 2
э-э-э 2
214 2
564 2
217 2
17.50 2
700000 2
0,300 2
j. 2
319 2
33-19 2
20500 2
1080 2
2.89 2
4070 2
4,99 2
442 2
4-4 2
582 2
1240 2
224 2
1630 2
960 2
1187 2
149 2
6028 2
691 2
209 2
38,000 2
1460 2
35,440 2
¿ 2
846 2
1901 2
423 2
299 2
1440 2
10-10 2
17-0 2
79,5 2
15-0 2
16-0 2
612 2
2.1 2
3780 2
2.43 2
1954 2
124 2
9,95 2
2-50 2
7-10 2
6079 2
5,4 2
404 2
216 2
271 2
39-608 2
2.50 2
392-06 2
4.30 2
395 2
q. 2
1-0 2
1909 2
810 2
9.600 2
371 2
510 2
10.00 2
9.30 2
70,000 2
187 2
j26809 2
1018 2
1933 2
0,3 2
4420 2
310 2
4-0-4 2
633 2
8-30 2
2-3-7 2
1.8 2
0,75 2
199 2
1221 2
358 2
533 2
3-1-0 2
305.6 2
418 2
384 2
435 2
2-2-7-9 2
48.24 2
41.04 2
1864 2
8-00 2
11-99 2
438 2
1919 2
51-50 2
19.00 2
17,6 2
1692 2
1899 2
0800 2
7,62 2
1832 2
.30-30 2
694 2
1532 2
6400 2
0,06 2
15-04 2
4.00 2
222 2
4-17 2
86400 2
7070 2
 2
99,9 2
15.000 2
98.99 2
6-10 2
22-00 2
23.30 2
04806 2
2601 2
3.45 2
14.50 2
7-2-3-9-1 2
2032-2059 2
5372 2
5.2 2
24-7 2
1851 2
862.5 2
4,000 2
0600 2
252 2
18.00 2
881 2
191 2
200-300 2
q 2
531 2
337 2
5-30 2
174,000 2
30000 2
430 2
146 2
545 2
7.62 2
9.45 2
1999-2059 2
2,32 2
6008 2
6-7 2
030 2
840 2
1-888 2
50-60 2
9.8 2
.45 2
9779 2
3598 2
194 2
14,400 1
41,424 1
20-25 1
422 1
33,300 1
1509 1
40,21 1
15,700 1
342 1
333 1
30,200 1
59,000 1
1881 1
2-4 1
2-0-2-5-5-5 1
258 1
8.000 1
656 1
3.14 1
0-1-8-6 1
639 1
684 1
16.30 1
50,387 1
4.14 1
466 1
2.45 1
1.05 1
006 1
578 1
88.000 1
90210 1
28,600 1
51,954 1
17,600 1
164 1
52,000 1
39,624 1
53,300 1
00,300 1
12-00 1
2093 1
2094 1
10. 1
16258 1
98760 1
2918 1
487 1
4,096 1
1924 1
18411 1
451 1
19.8 1
41-6-12 1
1.69 1
38,100 1
39,100 1
41,300 1
1767 1
31,160 1
1764 1
1502 1
444 1
07,700 1
11,700 1
1766 1
1925-1970 1
17,200 1
19,700 1
1882-1941 1
003952 1
39,693 1
07-66-26432 1
11-58-73321 1
70-100 1
7-4-0-1-4-7-7 1
2,724 1
2091 1
42,762 1
3,27 1
236 1
2089 1
0,000000001 1
351 1
1216 1
379 1
367 1
2-2-0 1
3-3-0 1
8.43 1
327 1
9-30 1
4900 1
9-4-6-0-3-3-5 1
11.11 1
8570 1
3-2-0 1
3,99 1
12. 1
622 1
11-58-73317 1
11. 1
1868 1
56240,19 1
2021 1
1,86 1
1,200 1
27.358 1
900552 1
2029 1
91000 1
1755 1
1814 1
1798 1
1802 1
900.24 1
40,062 1
3800 1
10,5 1
42,329 1
66-525 1
1608 1
14.00 1
100-655371 1
1392 1
1521 1
40,040 1
388 1
39,280 1
99ў9 1
965 1
99,90 1
1770 1
775 1
7125000 1
1726 1
569 1
286 1
1795 1
30-35 1
.357 1
660 1
18,000 1
322 1
353 1
238 1
102,5 1
177 1
808 1
7200 1
231 1
4-8 1
1777 1
4.35 1
0,0509 1
0,076 1
272-348 1
99,1 1
0,50 1
1850 1
0,32 1
06.40 1
1,700 1
11.20 1
23.20 1
22.33 1
1849 1
6600 1
1,41 1
60-70 1
2510 1
2502 1
3957 1
453.307 1
491 1
941 1
588 1
535 1
699 1
676 1
602 1
702 1
715 1
182 1
2180 1
2540 1
5140 1
6340 1
1001 1
1.600 1
1002 1
4740 1
1003 1
2820 1
3380 1
084476732 1
038-00-7128 1
18.400 1
398 1
692 1
718 1
448 1
1830 1
92-68 1
1774 1
10-47 1
465 1
64.000 1
818-555-0147 1
8.800 1
2420 1
8.89 1
279 1
22.00 1
206 1
6,2 1
5.600.000 1
8,7 1
24000 1
240-250 1
3997 1
2454 1
4039 1
607 1
4.500 1
414 1
542 1
59-41 1
31.000 1
65-74 1
348 1
32.99 1
818-555-0189 1
456 1
43,200 1
0.8 1
1301 1
38.91 1
33.78 1
4-11 1
10-31 1
392-16 1
0-3 1
7.09 1
3.17 1
3751 1
2.06 1
1.1. 1
9.000 1
10-91 1
7.800 1
29511 1
1-2-7 1
1.20 1
09,580 1
£ 1
10-1 1
11,948 1
21-13,10-4 1
1-2-5 1
847 1
796076303 1
8.0 1
507 1
3-1-3 1
2041 1
393 1
0733 1
1.0 1
0-3-6-5 1
121.5 1
699999 1
08.00 1
16.5 1
08.35 1
3.20 1
5325 1
8154 1
08.37 1
555-2467 1
403 1
48,24 1
эё 1
µѕ 1
6879 1
3-8 1
6,18 1
5.56 1
111 1
301 1
5536 1
5897 1
3804 1
1750 1
933 1
1904 1
1.453.000 1
ѵ 1
4500 1
250-300 1
0,03 1
9.650 1
4,85 1
545000 1
221-00 1
134-15 1
318-23 1
6-19-82 1
37,527 1
1,178 1
10-18 1
36. 1
1062 1
2.220 1
2-3-2 1
1060 1
5.931 1
868 1
415-555-0192 1
23,74 1
1,055 1
1853 1
5,930 1
36,395 1
0,00000000003 1
7.1 1
3-9-5 1
1544 1
1139 1
2793 1
12.00 1
1-1-8 1
6609 1
14.99 1
1542 1
15-16 1
1437 1
243.4 1
1876 1
427 1
1856 1
600000 1
80јј 1
7-1-1 1
1886 1
2003qq47 1
816.3 1
65.867 1
1-3-0 1
1-9-4 1
21-00 1
7-3 1
5-4-7 1
63.6 1
56.667 1
240.666 1
160.667 1
1867 1
23,6 1
547 1
99.8 1
85-100 1
3,40 1
16.32 1
2040 1
1.13 1
200016 1
197 1
016 1
4550 1
jj 1
900489 1
8,04 1
27,50 1
7348 1
1112 1
5,2 1
2.47 1
0331 1
605 1
4,1 1
5,3 1
1462 1
1887 1
915 1
1978-2000 1
1656 1
0900 1
6101 1
6-q-0-9 1
0,24 1
436 1
734 1
1424 1
640,500 1
10-6 1
1013 1
461 1
4.50 1
870 1
1,5-2,5 1
10079 1
84,6 1
91,85 1
4-2-8-3-1 1
3,95 1
4253 1
10086 1
9-2-8-1 1
5-1-7-3-3 1
3-47 1
99.7 1
85.7 1
1873 1
1906 1
150-160 1
48427 1
6,5 1
657 1
237.3 1
233.3 1
230.8 1
192.24 1
156.96 1
154 1
247 1
225.36 1
263.52 1
36,440 1
239.76 1
34,800 1
04,630 1
00,400 1
237.6 1
251 1
256.8 1
2920 1
13,660 1
10,900 1
09,660 1
635 1
26,000 1
644 1
326 1
24,000 1
2580 1
24,400 1
19,120 1
37,100 1
35,900 1
2760 1
37,800 1
3,6 1
40,300 1
10-11 1
1492 1
11.30 1
163 1
2,89 1
947 1
743 1
739 1
1796 1
984 1
2077 1
2039 1
1365 1
997 1
091 1
1972-1976 1
213 1
1797 1
922 1
153 1
6,1 1
93,4 1
µµё 1
3,1 1
226µµ 1
2,2 1
ѕµ 1
929 1
753 1
609 1
31.10.1980 1
6,7 1
12,300 1
23.00 1
667 1
2024 1
1-9 1
557 1
q-2 1
17702 1
10068 1
27-27 1
334 1
13-55 1
4000000 1
5230 1
э- 1
8-10 1
16,000 1
5.45 1
31,000 1
1,300 1
228 1
6-00 1
85-70 1
ආයුබෝවන් 1
4126 1
755 1
12-34 1
906 1
12-50 1
485 1
525 1
11,5 1
18-00 1
2150 1
9.1 1
29.8 1
2-11 1
326,41 1
5-1 1
1865 1
2.99 1
040 1
426 1
8.25 1
90-30 1
665 1
1.36 1
46,400 1
44,600 1
475 1
069 1
26900 1
1156 1
872 1
1812 1
1605 1
1831 1
.50 1
230,000 1
19.90 1
1662 1
21.30 1
7.08.1966 1
2.08.1968 1
80.000 1
33,528 1
32,300 1
06351-7270 1
2598 1
2171 1
7,65 1
84-00 1
3,000 1
505-177-8987 1
3021 1
645 1
561 1
37.5 1
4-0-7 1
4-0-1 1
432zz45 1
000-7-17-12-0-14-26 1
2- 1
1111 1
2,500 1
 1
10-2 1
621 1
7469282 1
1,80 1
1817 1
ã200 1
1721 1
1872 1
1889 1
8,75 1
6,500 1
226,000 1
8921 1
642 1
0,10 1
.06 1
1212 1
4848 1
27-35 1
70000 1
300000 1
995 1
8.14 1
14,95 1
21.99 1
8.45 1
900,000 1
― 1
1155 1
1014 1
2031 1
20.10.2013 1
641 1
8316 1
829 1
020 1
0400 1
18.5 1
7,8 1
2.40 1
3.04 1
4.400 1
21.32 1
0.53 1
4220 1
4520 1
5150 1
5.28 1
3.03 1
40-60 1
1791 1
20,5 1
932 1
944 1
22.75 1
18,290 1
11,95 1
16702 1
9726 1
2505 1
2-30 1
3600 1
1730 1
1310 1
1050 1
2060 1
527 1
331 1
1194 1
1197 1
1370 1
1590 1
2250 1
396 1
3320 1
2130 1
2460 1
2680 1
4360 1
860 1
2780 1
2120 1
2350 1
1040 1
863 1
.00 1
0016 1
30-36 1
2025-2059 1
2028-2059 1
2034-2059 1
2021-2059 1
2026 1
2008-2059 1
7.5 1
500.000 1
z23 1
98,3 1
98,7 1
001 1
500-600 1
625 1
52,5 1
17,5 1
1925-2009 1
311 1
391 1
36.300 1
0007 1
0000 1
924 1
7-6 1
15.44 1
89.00 1
774 1
789 1
0030 1
865.5 1
993 1
992 1
21.12.2012 1
2012-2014 1
156 1
18.30 1
1959-1960 1
148-33-69 1
5,5 1
1430 1
350,000 1
1324354657687980 1
8.9 1
5-5 1
3-5 1
1-5 1
8-5 1
3.9 1
1902 1
1893 1
816 1
3.50 1
203.5 1
36,50 1
648 1
216420 1
1-2-2-4 1
72.000 1
45.000 1
10-5 1
12-1-0 1
31-0-0 1
17-0-0 1
1,72 1
0,8 1
874,1 1
1,7 1
102,1 1
1905 1
2-0-1-1 1
22.41 1
15.12 1
22.1 1
22.23 1
0192 1
174 1
0-7 1
0-5 1
15.50 1
36-0-0 1
18.4.2015 1
22.47 1
2,6 1
1.7 1
2-2.5 1
12.5 1
8400 1
31-23-67 1
882 1
24.5 1
8.7 1
5.7 1
.7 1
.2 1
14,646 1
13,213 1
16,966 1
14,213 1
88,6 1
45,000 1
140,000 1
223-451-3600 1
1837 1
3-1 1
4-5-7 1
3-6-1 1
574987 1
545685 1
20.03.2003 1
55,900 1
51,200 1
551 1
1782 1
845577 1
16.66 1
20511 1
614 1
105,000 1
4-1 1
9-1 1
9-2-4 1
47-22 1
3987 1
7-5-92 1
14.25 1
521 1
600-700 1
1582 1
1352 1
0.3 1
33-34 1
41,080 1
39,370 1
631 1
13-14 1
2314 1
58-56 1
3832 1
223 1
84-85 1
90265 1
10880 1
796 1
617.2 1
382 1
16,710 1
19,050 1
1222 1
8302951 1
1.99 1
637 1
16-20 1
250,000 1
1483 1
1.30 1
2.00 1
43-603 1
47.6 1
346 1
11-3-1 1
1877 1
1842 1
1833 1
1829 1
77,78 1
0.238 1
49.881 1
35000 1
20.50 1
49.6 1
428.667 1
02.00 1
751 1
752,752 1
03,408 1
01,508 1
856 1
865 1
565 1
61492-8-557 1
355 1
78.3 1
2154 1
ээээ 1
564325 1
1921 1
1628 1
29000 1
03.00 1
36,8 1
92,1 1
40-15 1
674.8 1
1051 1
3,25 1
812 1
16-17 1
647 1
425 1
9.720.000 1
3.3 1
49901 1
2901 1
5,500 1
12.05 1
25-14 1
2119 1
3.4 1
1.4 1
1807 1
22.50 1
9532 1
2560 1
1610 1
1890 1
01.11.10 1
201.8 1
201.6 1
1054 1
12,818 1
11,292 1
27,768 1
25,109 1
41,037 1
39,472 1
38,037 1
35,472 1
875 1
9809 1
28800 1
244 1
´ 1
57,280 1
19,850 1
21.009 1
19,5 1
4750 1
276 1
46,5 1
ёёёё 1
420000 1
148,000 1
188 1
38,374 1
332 1
40,660 1
20,092 1
16,806 1
13,020 1
12,806 1
08,620 1
07,806 1
06,620 1
1690 1
26000 1
34,454 1
29,116 1
20,931 1
54,931 1
0-12 1
3-4-9 1
777-5 1
╛ 1
√ 1
482 1
086 1
3,2 1
1813 1
48.020,00 1
1861 1
1.000.000 1
9-8-7-6-5-4-3-2-1 1
54-01 1
300-400 1
1627 1
75001 1
26-40 1
14-82 1
7.3 1
201,8 1
16,222 1
14,788 1
52,064 1
49,396 1
96000000 1
201,6 1
30,817 1
134 1
410 1
2.30 1
2-2-7 1
16-18 1
4700 1
43000 1
150,000 1
136 1
434 1
27.8 1
4000-26000 1
4400 1
567 1
575 1
478 1
638 1
801,515 1
398,398 1
50000000000 1
1616 1
1564 1
1908 1
1049 1
2,3 1
480,1 1
59.20 1
57.37,0 1
445 1
612-188-6336 1
587 1
579 1
522 1
1130 1
7823 1
00.00 1
00.00,0 1
17.70 1
15.70,0 1
627 1
4,3 1
22.000 1
38,2 1
3-9-9 1
6-8-7-0 1
5-4-6-4 1
857 1
372 1
309 1
307 1
1895 1
233 1
1-3-9-0 1
405 1
38,9 1
15-19 1
59,267 1
40,740 1
20,560 1
............ 1
........ 1
16000 1
03,060 1
01,350 1
1878 1
45.40 1
32,000 1
6800000 1
15,6 1
1,2,4 1
1150 1
2500-3500 1
783 1
20,100 1
3226 1
39,5 1
1458 1
96,1 1
36,6 1
3,3 1
8,6 1
2,1 1
1457 1
14-18 1
2-4-0-0 1
7,1 1
32,2 1
99,100 1
96,97,98 1
4800 1
3002 1
27,000 1
803 1
01,616 1
58,540 1
15000 1
2340 1
27.6 1
321 1
01.64 1
58.30,0 1
2400,2710 1
17.23 1
14.71,0 1
0,500 1
3500,4080 1
12.88 1
08.90,0 1
0,400 1
1400,2020 1
01.96 1
00.02,0 1
2600,3100 1
58.92 1
55.82,0 1
q1 1
3400,3600 1
0,200 1
26,382 1
1923 1
0,45 1
3-5-8 1
0-4-2 1
356833 1
712 1
3.2 1
2.8 1
260000000 1
2140 1
0-0-1 1
70000000 1
5000000000 1
2.6 1
42-19,6 1
2,7 1
14,2 1
161 1
1327 1
9-8-7-6-5-4-3-2-1-0 1
687 1
2310 1
2850 1
1420 1
1810 1
3450 1
3720 1
4210 1
4340 1
4540 1
2390 1
2690 1
890 1
1120 1
1640 1
1720 1
1320 1
1540 1
970 1
1450 1
1330 1
5040 1
4410 1
4100 1
3180 1
3350 1
3710 1
4460 1
2280 1
2870 1
3070 1
3330 1
2670 1
3680 1
4200 1
2240 1
2660 1
3540 1
5050 1
1190 1
2160 1
3510 1
3850 1
0,1 1
370000 1
3012 1
1,500 1
15,000 1
80-20 1
70-30 1
60-40 1
9.9 1
1106 1
1,120 1
120,000 1
35.35 1
1767.50 1
896 1
3,50 1
765 1
1706 1
16.00 1
14,99 1
628 1
53,600 1
55,272 1
21000 1
79.70 1
50-50 1
49,359 1
47,480 1
04,655 1
01,000 1
409 1
3.000 1
1984-1991 1
37.600 1
1.75 1
1.65 1
1217-08 1
1217-07 1
7-5 1
97,98,99 1
58,59,60 1
1-2-3-4 1
1.85 1
472 1
1897 1
06,400 1
---650--- 1
---600-- 1
---550--- 1
--500--- 1
--450-- 1
--400--- 1
--350-- 1
--300 1
--250--- 1
--200- 1
---150--- 1
---100--- 1
--50-- 1
1960 1
1079 1
72281444 1
z. 1
--700--- 1
--750--- 1
1957-2000 1
1954-1998 1
1787-1788 1
29.99 1
92.5 1
.......... 1
930 1
8347 1
189 1
5.15 1
439 1
12-15 1
5-8-3-9 1
9-4-6 1
8.07 1
64. 1
1661 1
6980 1
2590 1
1612 1
5.30 1
15-2 1
