. 8678
, 4512
! 3530
? 3037
... 2116
- 1127
' 660
) 650
( 624
" 247
.. 220
: 179
2 79
1 76
% 37
20 30
3 28
5 24
♪ 22
} 21
/ 21
4 21
# 17
10 16
12 15
100 14
9 13
101 13
40 13
$ 12
00 12
30 12
7 10
16 9
50 8
53.371 8
82 7
15 7
13 7
0 6
22 6
2012 6
911 5
6 5
8 5
; 5
400 5
11 4
200 4
75 4
300 4
70 4
1950 4
80 4
91 4
55.371 4
21 4
5,000 3
45 3
— 3
25 3
\ 3
150 3
01 3
18 3
[ 3
500 3
] 3
24 3
200,000 3
000 3
32 3
05 2
2050 2
54 2
57 2
2025 2
12,000 2
1,000 2
07 2
14 2
0,0 2
7-11 2
900 2
250 2
03.00 2
1998 2
.101 2
23 2
987 2
90 2
60 2
26 2
4,000 2
13,000 2
0,0,0 2
55 1
28 1
1000 1
1972 1
2000 1
08,923 1
1915 1
107 1
* 1
1997 1
5000 1
1870 1
1878 1
2- 1
29 1
700 1
53 1
986 1
94 1
46,129 1
988 1
49.95 1
31 1
469 1
007 1
06,346 1
106 1
43 1
33,818 1
30,296 1
80,000 1
680 1
08,881 1
418 1
02.89 1
01.27,0 1
56 1
35.71 1
33.21,0 1
49.371 1
{ 1
51.371 1
1976 1
104.1 1
180,000 1
1978 1
6496 1
2.5 1
65 1
49 1
2015 1
2030 1
1960 1
700,000 1
95 1
800 1
25,000 1
0.2 1
3,000 1
10,000 1
1.5 1
6,000 1
42 1
0.1 1
