. 20313
, 9549
? 5203
- 3312
... 3088
! 2443
) 1347
( 1344
" 1086
: 958
.. 665
' 503
♪ 215
[ 209
] 206
/ 123
= 77
10 63
1 61
2 54
20 36
00 32
3 30
$ 27
60 27
100 26
4 23
8 22
50 22
5 22
30 19
# 19
9 18
49 17
12 17
15 17
6 16
% 16
40 15
11 14
7 14
500 13
; 13
17 12
.1 11
£ 11
13 11
* 10
38 9
90 8
60,000 8
48 8
19 8
14 7
26 7
22 7
52 6
^ 6
18 6
200 6
31 6
25 6
808080 6
24 6
37 5
166 5
900 5
50-50 5
172 5
21 5
27 5
50,000 5
300 5
35 5
80 4
30,000 4
67 4
800 4
@ 4
10,000 4
600 4
185 4
764 4
28 4
3,000 4
2,000 4
78 4
109 4
18,000 3
‫ 3
51 3
16 3
45 3
43 3
1989 3
‬ 3
5,000 3
33 3
150 3
250 3
8807307904 3
01 3
95 3
-- 3
9-9-9 3
850 3
719 2
1.31 2
9-2-5 2
90,000 2
892 2
8-5-6 2
36 2
1983 2
212 2
7,000 2
32 2
418 2
1948 2
1150 2
110 2
0-2-0 2
72 2
135.000 2
73 2
911 2
68 2
7.7 2
1,000 2
1858 2
360 2
88 2
75 2
23 2
9,000 2
70,000 2
42 2
61.000 1
65 1
9,38 1
1950 1
17000 1
10-20 1
4000 1
325 1
4163 1
2155764 1
1980 1
2000 1
4.98 1
_ 1
1910 1
60.850 1
5305 1
486 1
à 1
110,000 1
941 1
950 1
170 1
1143 1
21.680 1
23.530 1
750 1
700 1
29 1
273 1
834-5571 1
254-41 1
80-90 1
44 1
15,000 1
20,000 1
2015 1
1994 1
124 1
10-2 1
274436 1
56 1
86 1
318 1
1861 1
207 1
1.848 1
104 1
650,000 1
3,2,1 1
39 1
2017 1
 1
1642 1
2077 1
2016 1
0600 1
210 1
62 1
0200 1
1900 1
381 1
47 1
70 1
5,99 1
1.99 1
44,17 1
2013 1
1952 1
750,000 1
3000 1
400 1
11130 1
10200 1
3711 1
60-40 1
02,471 1
59,320 1
239 1
6-0-2-8 1
2004 1
28.500 1
309 1
1812 1
130 1
116 1
180 1
12.000.000 1
17,000 1
380 1
100,000 1
6510 1
7.62 1
5.4 1
61 1
1,700 1
85 1
2.2 1
