‍ 239055
. 234701
, 93800
? 78456
- 49563
! 39636
... 38348
.. 23220
‌ 17504
" 11871
: 3913
' 2749
♪ 2525
) 2202
( 2191
[ 866
] 864
♫ 591
2 591
# 563
* 542
3 506
10 417
5 378
; 356
20 335
1 305
$ 301
4 297
% 291
15 250
30 229
6 217
– 207
12 200
50 190
8 180
100 178
7 173
@ 169
/ 164
9 159
00 154
40 139
500 110
11 109
♬ 106
♩ 96
200 90
.... 89
​ 86
24 81
13 80
17 74
14 73
18 72
70 63
25 63
1000 63
16 62
01 61
60 57
300 55
22 50
^ 48
..... 48
90 47
26 45
\ 43
♦ 43
400 43
45 42
☺ 41
19 40
35 37
80 36
23 34
27 34
21 34
48 33
0 33
10,000 33
2000 32
600 31
2,000 31
3,000 29
32 28
= 27
100,000 27
28 27
5000 25
...... 24
ഊ 24
700 24
-- 23
50,000 23
75 22
1,000 22
5,000 22
29 21
150 21
200,000 20
55 20
38 20
3000 20
31 20
_ 19
41 19
1952 19
800 19
72 18
36 18
250 18
37 17
52 17
1945 17
42 16
33 16
120 15
54 15
51 14
........ 14
40,000 14
99 14
4,000 14
101 14
000 14
+ 14
007 14
47 14
65 13
9000 13
49 13
67 13
180 13
2001 13
112 13
44 12
34 12
.38 12
30,000 12
39 12
04 12
46 12
53 12
95 12
911 12
} 11
{ 11
68 11
1957 10
350 10
211 10
71 10
1955 10
12,000 10
58 10
4000 10
43 10
1956 10
1939 10
10000 10
06 10
....... 9
86 9
20,000 9
250,000 9
80,000 9
84 9
60,000 8
1935 8
715 8
160 8
56 8
2012 8
1200 8
1941 8
2007 8
12000 8
1942 8
130 8
900 7
40000 7
20000 7
1500 7
1990 7
1979 7
70,000 7
.45 7
74 7
1940 7
1966 7
15000 7
2003 7
07 7
1,500 7
170 7
2005 7
91 7
30000 7
1950 7
6,000 7
0-0 7
1968 6
° 6
4885 6
63 6
394 6
87 6
533 6
1944 6
1980 6
850 6
450 6
1,2,3 6
1967 6
1981 6
5796 6
1925 6
09 6
2.5 6
02 6
97 6
300,000 6
1931 5
2002 5
1960 5
64 5
35,000 5
1999 5
4.30 5
05 5
08 5
113 5
1962 5
.44 5
1984 5
88 5
85 5
11,000 5
11,500 5
2904 5
15,000 5
66 5
1,200 5
360 5
1953 5
1949 5
69 5
j 5
7,000 5
155 5
110 5
1929 5
03 5
2009 5
1989 5
1958 4
57 4
2006 4
1918 4
472-1 4
1976 4
365 4
1973 4
92 4
0,000 4
......... 4
320 4
111 4
78 4
1982 4
50-50 4
98 4
73 4
1-6 4
6000 4
0,1 4
115 4
90,000 4
25,000 4
240 4
1986 4
1943 4
൦ 4
301 4
304 4
½ 4
1987 4
¾ 4
430 4
12.10 4
1835 4
♭ 4
10.000 4
≡ 4
8000 4
1963 4
1978 4
124 4
1938 4
1997 4
1937 4
312 4
3,2,1 4
96 4
1977 4
76 4
82 4
93 4
981 4
713 3
500,000 3
151 3
350,000 3
1888 3
7000 3
zj 3
125 3
1,2,3,4 3
1988 3
117 3
| 3
11.30 3
79 3
0.22 3
4-5 3
137 3
379 3
220,000 3
1936 3
3200 3
1.5 3
3-4 3
414 3
150,000 3
1897 3
8,000 3
2010 3
10-12 3
8.30 3
2500 3
1996 3
376 3
1994 3
306 3
135 3
415 3
6-0 3
327 3
440,000 3
99.84 3
1992 3
1919 3
2978 3
107 3
4.2 3
1954 3
4.5 3
1998 3
1911 3
308 3
1932 3
10.30 3
13,000 3
404 3
1991 3
1985 3
59 3
1975 3
1959 3
z 3
99-1 3
2.30 3
325 3
501 3
536 3
309 3
330 3
1920 3
1928 3
— 3
80000 3
0-3 3
140 3
16000 3
1930 3
512 3
1970 3
2004 3
~ 3
1907 3
2,056 3
1933 3
210 2
156 2
3.2 2
6347 2
‭ 2
219 2
225 2
2092 2
1934 2
95,455 2
.22 2
95,452 2
7.32 2
721 2
‪ 2
‫ 2
464 2
123 2
227 2
267 2
1,2,3,4,5 2
190 2
75,000 2
16,000 2
1100 2
6500 2
1927 2
246 2
1947 2
233 2
500000 2
3.10 2
14,800 2
34,000 2
50-60 2
24-1 2
24,000 2
36,000 2
1917 2
3.5 2
﻿ 2
9243 2
726 2
¶ 2
520 2
9446462724 2
94 2
3109 2
287 2
8.1 2
 2
370 2
3-3 2
560 2
1435 2
1972 2
1974 2
134 2
105 2
639,540.27 2
0.66 2
9.53 2
6.53 2
6.50 2
14,900 2
148 2
15,150 2
7,6,5,4 2
275 2
601 2
4-1 2
1.50 2
016 2
1511 2
300.000 2
5.000 2
q 2
3500 2
010-4760-4524 2
1400 2
142 2
228 2
261 2
185 2
687 2
1899 2
9,000 2
163 2
114 2
................ 2
999 2
77 2
1951 2
12,13 2
40,791 2
014 2
556 2
1948 2
6-1 2
.380 2
320,000 2
19500 2
632 2
2-9 2
303 2
305 2
307 2
.00 2
1926 2
1914 2
108 2
2.07 2
1219 2
60000 2
2.3 2
` 2
1946 2
1915 2
45,000 2
221 2
3-2-7 2
ഃ 2
915 2
1905 2
260 2
560224-1451090 2
206 2
8-9 2
6-7 2
700,000 2
238 2
.......... 2
175 2
422 2
2-9-9 2
650 2
20-24 2
6061 2
5-6-9-6-4 2
139 2
214 2
220 2
62 2
225463 2
126 2
11.5 2
720 2
98814 2
161 2
138 2
1983 2
5500 2
1961 2
50000 2
295 2
1909 2
182 2
1889 1
1995 1
3-0 1
131 1
1843 1
8.000 1
9.30 1
1350 1
3-0-0 1
656 1
056 1
58,525 1
3,57,000 1
00,903 1
168 1
256 1
1268 1
500.000 1
9703 1
2200 1
266 1
3500,3600 1
500,600 1
75.5 1
........................... 1
.............. 1
1886 1
40.000 1
1001 1
46.50 1
9-4 1
22.00 1
1,800 1
................................ 1
666 1
7-4 1
1895 1
2020 1
47,220 1
11,10,9,8 1
14,13,12 1
254 1
31.2 1
51,633 1
320-335 1
639,000 1
285,330 1
141 1
47,040 1
136 1
49,042 1
10,680 1
12,045 1
515 1
54,240 1
55,446 1
664 1
00,120 1
01,246 1
144 1
49,723 1
28.5 1
912 1
741 1
12-13 1
10-10 1
7-4-2 1
6-4-1-0 1
57,872 1
00,958 1
412 1
868 1
2-7-0 1
109 1
609 1
409 1
............. 1
429 1
918 1
818 1
434 1
561 1
5.2 1
12425 1
10240 1
6621 1
87104 1
11111 1
.28 1
712 1
849 1
527 1
549 1
943 1
1502 1
396 1
1910 1
9415257547 1
1749 1
1832 1
7.2 1
6.5 1
5.9 1
ഊ- 1
21.60 1
922 1
58,516 1
98813 1
1587 1
1.9 1
26,283 1
197 1
7.00 1
9.00 1
106.20 1
02,810 1
3961 1
11,700 1
13,900 1
390 1
011 1
21-15 1
016-9265-4885 1
9265-4885 1
893-1 1
9256-4885 1
1821 1
1913 1
1969 1
2051 1
2270 1
182,000 1
2306 1
980 1
2772 1
2940 1
3573 1
1809 1
4960 1
5122 1
6932 1
7014 1
8198 1
8983 1
20-30 1
10223 1
j57 1
25-35 1
3.1 1
0700 1
---- 1
1735-1826 1
1828 1
7005 1
161.8 1
6600 1
2008 1
37-1 1
1737-1809 1
1929-1968 1
.5 1
72000 1
15-16 1
15,00 1
600,000 1
805 1
----- 1
--- 1
1,00,000 1
40,40 1
011-342-3464 1
43,000 1
75800 1
12.30 1
20,208 1
21,957 1
1237 1
23,416 1
25,582 1
1243 1
51,416 1
53,832 1
1256 1
1210 1
43,457 1
35000 1
52000 1
2.724 1
7-4-0 1
1-4-7-7 1
30-40 1
2094 1
1.7 1
7300 1
7.08 1
16,207 1
15,291 1
1199 1
819 1
59,750 1
01,207 1
269.50 1
30.50 1
987 1
12,750 1
14,124 1
996 1
38,666 1
40,915 1
1016 1
55,125 1
56,707 1
1089 1
6.30 1
42,790 1
45.50 1
1130 1
43,708 1
48,124 1
209 1
04,790 1
175,320 1
184 1
1320 1
10,938 1
2160 1
1537 1
277.4 1
06,359 1
4-൦ 1
2-൦ 1
245 1
513 1
237 1
4602 1
432 1
40-50 1
20-25 1
2-3 1
165 1
10675 1
.50 1
.40 1
370,000 1
568 1
1700 1
130,000 1
1-14 1
8.0 1
193.6 1
1-8-0 1
18,370 1
1501 1
455 1
322 1
15,284 1
2011 1
.200 1
9112012 1
98.8 1
452 1
3.14 1
76.40 1
1.75 1
780 1
17,660 1
838,000 1
3700 1
1600 1
01,375 1
614 1
11,499 1
7500 1
8600 1
2,500 1
1837 1
24.41 1
25,335 1
26,855 1
1693 1
216 1
7-1-9 1
62,000 1
59,979 1
58,979 1
12.5 1
4.3 1
10,11,10 1
201 1
1,460,000 1
593 1
10-91 1
1314 1
535 1
187 1
375 1
11000 1
10,9,8 1
3,1963 1
11.6 1
324 1
1,861 1
3,027 1
49,298 1
217 1
10.5 1
0405 1
12.3 1
2300 1
338 1
42,584 1
53,727 1
55,948 1
52,672 1
56,422 1
133 1
686 1
1462 1
1850 1
1327 1
1922 1
800,000 1
3382 1
270 1
.3 1
20-03-2012 1
407 1
2016 1
89.7 1
12389 1
15,958 1
17,249 1
83 1
15,750 1
17,290 1
26,125 1
27,457 1
57,291 1
58,457 1
423 1
05,666 1
08,040 1
35.26 1
44,411 1
25.32 1
682020 1
1,200,000 1
940 1
2.45 1
13,1943 1
7,400 1
4780 1
1,100 1
270641196 1
3,500 1
8-6 1
൮൮ 1
17793 1
1-2-3 1
8.45 1
9.45 1
403 1
502 1
519 1
2400 1
4.45 1
868-861 1
5.6 1
229 1
01,593 1
1898 1
1321 1
12358 1
♥ 1
2669 1
97,98,99 1
1328 1
314-2014-5 1
4,500 1
4-4-2 1
581 1
4-3-3 1
28300 1
45.60 1
93485 1
5730 1
395 1
8330 1
290 1
3.15 1
29,80 1
150. 1
2447 1
3876 1
631215 1
08,973 1
1-3 1
07,630 1
180,000 1
............ 1
2015 1
2050 1
1,00 1
88.000 1
0.38 1
30,110 1
172 1
525 1
¬ 1
717 1
5,6 1
1990-1997 1
5807 1
631215-1450266 1
99.4 1
210,308 1
1534 1
2800 1
1557 1
35,113 1
43,863 1
45,125 1
31,656 1
33,021 1
11-99 1
21,119 1
22,279 1
186 1
33,452 1
30,228 1
207 1
56,841 1
00,106 1
259 1
33,023 1
34,684 1
46664 1
37,728 1
39,286 1
34,392 1
z. 1
472 1
426 1
1307 1
3699 1
시간 1
637 1
............... 1
10.1 1
43-45 1
208 1
7.58 1
6.05 1
3291777 1
0-9-0-5-4-2-4 1
3-2-7-2-9-3-0-5-0 1
1738 1
060 1
040 1
.751 1
1.25 1
075 1
5-7 1
352 1
169 1
243 1
49.90 1
01,1 1
48,448 1
10,164 1
7899 1
592 1
z499 1
12,000,000 1
247 1
1-17 1
280 1
43,420 1
32,572 1
30-06 1
30,194 1
1109 1
15.33 1
5൦൦ 1
17,000 1
454870 1
212 1
380 1
90-30 1
14,083 1
5-3 1
06,415 1
530 1
6932221256 1
4,38,000 1
2,975,000 1
331 1
23,200 1
25,200 1
1574 1
929 1
0600 1
10,200 1
12,500 1
2014 1
41,540 1
43,178 1
.100 1
03,980 1
06,540 1
4200 1
40,320 1
04,060 1
397 1
328 1
10,560 1
5047 1
46,911 1
1924 1
15-15 1
30-15 1
45,773 1
469 1
52,104 1
50,898 1
436 1
504 1
18,000 1
277 1
04,333 1
02,057 1
1822 1
49550 1
255 1
31,716 1
29,338 1
02,494 1
1863 1
1908 1
12.45 1
22,156 1
09,388 1
857 1
58,923 1
.9 1
57,216 1
837 1
5.12 1
61 1
247,000 1
116 1
1,2,3,4,5,6,7 1
58,982 1
56,536 1
12024 1
5.30 1
791 1
43,520 1
96,41 1
2,026 1
42,143 1
23,794 1
9025 1
572 1
00,463 1
44,154 1
64,000 1
39,617 1
42,495 1
565 1
28,124 1
30,001 1
7,500 1
577 1
45,220 1
06,114 1
503 1
31,930 1
41,052 1
1044 1
02,094 1
04,261 1
1046 1
06,890 1
11,811 1
447 1
29,721 1
47,928 1
07,448 1
1868 1
0-4-5 1
49,993 1
4970 1
181,222,313,314,342,505,547 1
103 1
498 1
366 1
17.2 1
17.3 1
1892 1
845 1
04,353 1
58-10 1
58-14 1
01,780 1
319 1
― 1
718 1
747 1
528 1
300,400 1
2003,2009 1
44,682 1
5.5 1
24,903 1
06,008 1
35,212 1
36,406 1
550 1
11,321 1
14,188 1
711 1
52,813 1
23,413 1
54,781 1
1800 1
10-4 1
215 1
2111 1
7-2-5-6 1
113,000 1
1,600 1
2,340 1
3.30 1
145 1
483 1
06,241 1
03,374 1
508 1
57,000 1
54,981 1
53,343 1
1388 1
൨ 1
08,810 1
152 1
07,638 1
646 1
25,190 1
1.6 1
10,500 1
232 1
522 1
27,000 1
5-6 1
3316 1
288 1
19,044 1
20,773 1
0-4-5-2 1
52,596 1
154 1
.357 1
0800 1
1205 1
334 1
2.2 1
1411 1
125,000 1
2.38 1
41571 1
100,200,300 1
1.2.3.4 1
880,000 1
1993 1
1965 1
1857 1
2.50 1
 1
86,000 1
2.480 1
24,500 1
340 1
2,200 1
7-8 1
3,480 1
2,1,5 1
45,519 1
34,431 1
39,494 1
48,845 1
50,608 1
72281444 1
31159 1
08,743 1
10,438 1
27,548 1
30,210 1
20,1942 1
7.62 1
2431 1
36-28-36 1
1453 1
435276 1
0172225463 1
25463 1
1226 1
3434 1
164 1
01,725 1
449 1
4267 1
19,729 1
18,646 1
418 1
1848 1
07,960 1
13,637 1
1,000,000 1
29,397 1
75000 1
834 1
28,273 1
1560 1
1561 1
198 1
45620 1
610 1
34,304 1
31,538 1
.25 1
895 1
1425 1
772 1
400000 1
1214 1
2345 1
08-6583000 1
98219 1
1971 1
104 1
00,000 1
.303 1
1516 1
65,000 1
1650 1
400,000 1
345 1
87,000 1
2017 1
194 1
10-30 1
1921 1
10.32 1
3.00 1
7.65 1
11.20 1
401 1
q. 1
