, 136591
. 111633
? 92098
- 67424
! 66620
... 56643
" 13434
' 5779
: 4499
.. 3762
♪ 3548
‎ 3242
) 2333
( 2310
] 2095
[ 2094
‌ 1235
* 1231
| 854
# 757
00 645
; 515
‍ 514
\ 435
/ 429
= 396
01 288
} 271
% 259
{ 249
~ 214
10 159
$ 157
3 152
...... 150
2 144
​ 143
1 135
.... 131
..... 121
5 115
_ 112
4 97
6 88
20 84
30 83
12 78
50 71
02 71
13 64
25 62
7 61
★ 58
15 52
☺ 50
▓ 48
40 47
@ 46
24 44
200 44
♫ 42
♥ 41
11 41
✪ 40
100 40
64 37
▐ 36
07 35
9 35
18 35
500 33
21 32
¶ 32
26 30
17 29
06 29
14 28
52 28
16 28
56 27
250 25
﻿ 24
19 24
......... 24
※ 24
60 24
41 24
█ 24
29 23
+ 22
37 22
09 20
28 20
55 20
8 20
300 19
61 19
80 19
33 19
4402 19
08 18
45 18
32 18
03 17
48 17
49 17
54 17
05 16
22 16
2016 16
23 16
34 16
— 15
51 15
35 15
31 14
600 14
....... 14
70 13
58 13
43 13
36 12
47 12
27 12
-- 11
▶ 11
90 11
42 11
🎵 10
🎶 10
🎼 10
04 10
57 10
© 10
72 10
30,000 10
46 10
44 9
93 9
0 9
150 9
39 8
101 8
400 8
® 8
67 8
........... 8
68 8
669 8
♣ 8
6,000 7
14,800 7
000 7
য় 7
53 7
........ 7
25,000 7
q 7
62 6
10,000 6
75 6
166 6
59,999 6
00,000 6
38 6
2014 6
65 6
λғгαd 6
ťгaηsļαтσяğιғтy 6
50-50 6
9,000 6
ďüєт 5
৳ 5
900 5
120 5
41,000 5
352 5
392 5
95 5
450 5
31,000 5
.............. 5
40,999 5
180 5
............. 5
350 5
700 5
1-6 5
2017 5
1,000 5
2011 4
à 4
♦ 4
911 4
11,000 4
° 4
87 4
103 4
1985 4
1888 4
1997 4
1799 4
---- 4
170 4
104 4
30,999 4
15,000 4
50,000 4
426 4
247 4
1000 4
110 4
1937 4
2015 3
¡ 3
140 3
5-6 3
.357 3
2.45 3
1972 3
.22 3
--- 3
98 3
2004 3
1902 3
92 3
73 3
2013 3
⇒ 3
2000000 3
1,200 3
412 3
96 3
58,000 3
35,800 3
215 3
255 3
394 3
007 3
2001 3
115 3
1,100 3
850 3
40,280 3
2000 3
1-0 3
10-241 3
424 3
.......... 3
1.5 3
7,400 3
– 3
59 3
713 3
1904 3
29,999 3
5,000 3
45,999 3
300,000 3
1970 3
702 3
2010 3
123 3
............ 2
2-4 2
1,750 2
129.600 2
521 2
217 2
472 2
රූපේ 2
1900 2
√ 2
1947 2
76 2
408 2
2644 2
1913 2
2-6 2
10000 2
3105 2
✅ 2
41,170 2
️ 2
01,815 2
01626897053 2
^ 2
1492 2
1776 2
7140 2
05,900 2
46,023 2
3-7 2
1215 2
1948 2
203 2
20,000 2
3103 2
3104 2
126 2
415 2
105 2
♠ 2
20,999 2
21,000 2
1980 2
302 2
06,710 2
220 2
160 2
1975 2
52,105 2
121 2
50,790 2
45,000 2
430 2
40000 2
169 2
ঈ 2
37,240 2
2.07 2
0-9-0 2
270 2
52,000 2
011 2
1989 2
1,260 2
1758 2
1781 2
310 2
292 2
51,610 2
951 2
401 2
46,000 2
69 2
311 2
26,000 2
822 2
74.50 2
434 2
45,723 2
1990 2
1.30 2
1149 2
ঊ 2
46,550 2
5000 2
86 2
16,000 2
124 2
1987 2
03,520 2
07,817 2
09,451 2
44,220 2
50,600--00 2
145 2
30,240 2
38,771 2
45,380 2
31,850 2
01.00 2
32,820 2
1984 2
39,700 2
184 2
1973 2
298 2
1502 2
1-9 2
113 2
6617 2
· 2
30,900 2
21,815 2
2-5 2
396 2
1977 2
1880 2
820494 2
125 2
£ 2
01675 2
1918 2
----------- 2
100,000 2
02,100--00 2
1963 2
1945 2
305 2
12,440 1
45,870 1
404 1
402 1
32,710 1
35,750 1
14,610 1
1320 1
1087 1
27,030 1
1111 1
24,560 1
52,210 1
09,040 1
07,960 1
09,930 1
12,850 1
294 1
1095 1
15,940 1
30,200 1
18,480 1
21,270 1
22,320 1
23,790 1
21,370 1
25,980 1
03,050 1
01,850 1
24,320 1
26,530 1
1085 1
296 1
1079 1
375 1
39,930 1
46,720 1
36,330 1
29,960 1
31,890 1
07,080 1
28,100 1
428 1
35,730 1
1120 1
40,610 1
30,950 1
417 1
44,090 1
46,030 1
419 1
45,220 1
53,710 1
55,710 1
05,490 1
421 1
00,920 1
26,240 1
03,180 1
51,220 1
815 1
25,510 1
13,590 1
45,980 1
40,850 1
1063 1
1184 1
406 1
48,480 1
1131 1
513 1
53,880 1
45,180 1
50,150 1
35,050 1
1700 1
53,060 1
1115 1
46,320 1
58,700 1
1175 1
29,220 1
55,230 1
410 1
10,500 1
27,840 1
1170 1
00,270 1
07.058 1
03,910 1
41,870 1
774 1
26,080 1
29,289 1
888 1
27,080 1
28,525 1
15,211 1
469 1
31,354 1
33,027 1
06,700 1
40,600 1
01,953 1
06,499 1
8,000 1
17,200 1
23,668 1
03,417 1
06,086 1
69.2 1
288 1
50,267 1
52,861 1
05,344 1
07,302 1
340 1
23,839 1
25,511 1
307 1
053 1
526 1
1954 1
918 1
00,581 1
44,428 1
47,090 1
16,891 1
17,490 1
14,957 1
19,367 1
41,861 1
44,280 1
449 1
01,804 1
03,806 1
524 1
55,264 1
59,059 1
21,928 1
............... 1
07,560 1
20,369 1
45,160 1
47,288 1
20,001 1
22,001 1
40,918 1
20,918 1
14-04-2017 1
58,399 1
58,918 1
429 1
818 1
35,311 1
38,272 1
1946 1
28,438 1
27,389 1
17,840 1
19,353 1
32,061 1
35,649 1
49,835 1
55,833 1
05,880 1
14,460 1
111 1
49,360 1
52,070 1
54,990 1
57,990 1
00,910 1
03,500 1
117 1
10,210 1
119 1
17,470 1
19,890 1
23,220 1
25,350 1
28,310 1
30,690 1
34,280 1
127 1
39,990 1
08,952 1
03,946 1
12,288 1
25,860 1
53,075 1
54,415 1
01,972 1
306 1
1965 1
1537 1
1620 1
2160 1
3.30 1
3106 1
2.00 1
6.2 1
99863 1
33332 1
129 1
........................... 1
මෙලෝ 1
සුක්වින්දර් 1
1435 1
2300 1
঳ 1
≠ 1
260 1
² 1
760625-12653172 1
760625-1265 1
262 1
04,780 1
05,780 1
1.50 1
ද 1
1196 1
48,730 1
11,580 1
01798664804 1
01787964778 1
◀ 1
57.990 1
56.380 1
1413 1
59,040 1
09.120 1
1,322 1
59.980 1
49.170 1
1,242 1
25.310 1
22.290 1
08.020 1
1,216 1
00,280 1
20,720 1
29,463 1
28,255 1
25,759 1
43,280 1
53,943 1
55,540 1
1060 1
827 1
28,950 1
25,950 1
02,818 1
05,403 1
489-674-2239 1
22,300 1
45,480 1
01.360 1
00.360 1
1,171 1
36,750 1
34,750 1
41,476 1
826 1
57,208 1
56,000 1
876 1
694 1
232 1
32,867 1
34,868 1
29,875 1
626 1
15,875 1
31,833 1
27,583 1
30,625 1
59,416 1
58.270 1
55.210 1
12000 1
278 1
20000 1
38,766 1
10.220.63.78 1
21,408 1
14,045 1
12,408 1
07,045 1
13,583 1
11,625 1
976 1
02,541 1
.................. 1
50,441 1
1863 1
35,606 1
24.937 1
629 1
1-1 1
15,498 1
14,065 1
1986 1
46,697 1
01,080 1
25,999 1
09,975 1
27,173 1
25,171 1
645 1
1,200,000 1
10,450 1
47,822 1
2008 1
89.7 1
97 1
88 1
16,574 1
501 1
09.352 1
12305 1
714 1
14,000 1
707 1
282 1
50.380 1
54.926 1
1110 1
2,500 1
22.768 1
1939 1
13,208 1
1439 1
2027 1
1223 1
21,422 1
19,964 1
1006 1
193.6 1
38,196 1
35,827 1
36,321 1
01,807 1
03,354 1
889 1
1624 1
1209 1
36,939 1
1-8-0 1
37,577 1
14,302 1
870 1
132 1
38416 1
555-9175 1
47,785 1
40,670 1
45,241 1
31,999 1
41,922 1
07,159 1
04,524 1
6742 1
1801 1
45,173 1
42,739 1
17,754 1
666- 1
10,530 1
576 1
36,458 1
45,390 1
42,850 1
1884 1
39,890 1
37,220 1
1882 1
1886 1
31,500 1
99 1
07,980 1
02,810 1
1878 1
56,550 1
50,920 1
26,120 1
1876 1
21,760 1
1890 1
56,840 1
1898 1
53,380 1
51,330 1
1896 1
47,540 1
26,770 1
45,450 1
41,030 1
38,610 1
1892 1
35,320 1
32,650 1
546 1
1894 1
47,460 1
45,500 1
1874 1
1445 1
11,400 1
10,350 1
1433 1
08,520 1
1319 1
00,480 1
39,460 1
1217 1
22,310 1
16,470 1
29,380 1
28,300 1
1198 1
36,990 1
01,980 1
1507 1
33,500 1
41,450 1
39,620 1
1872 1
36,200 1
33,490 1
1870 1
27,190 1
21,730 1
1868 1
15,010 1
13,800 1
1755 1
45,280 1
43,170 1
1601 1
01,760 1
08,480 1
13,770 1
44,930 1
29,088 1
55,620 1
49,700 1
3.5 1
2503 1
57,150 1
26,088 1
56,100 1
1967 1
1995 1
2483 1
11,160 1
08,250 1
2461 1
6404.5 1
15,986 1
2505 1
13,777 1
474 1
42,088 1
46,041 1
43,750 1
09,958 1
07,541 1
351 1
6246 1
27,791 1
25,625 1
ఎటాక్ 1
హార్ట్ 1
07,840 1
01,630 1
45,088 1
04,990 1
38,416 1
01,450 1
15,150 1
36,980 1
2054 1
32,870 1
31,540 1
2042 1
25,280 1
38,790 1
24,150 1
55,920 1
1911 1
54,130 1
53,080 1
1909 1
46,010 1
57,040 1
2094 1
57,830 1
2157 1
10,150 1
2443 1
58,090 1
56,670 1
2439 1
03,190 1
2416 1
51,010 1
49,760 1
2229 1
47,240 1
44,440 1
2225 1
18,490 1
17,320 1
2459 1
510 1
28,807 1
49,500 1
19,863 1
16,643 1
1067 1
11,829 1
08,901 1
08,829 1
38,840 1
06,201 1
03,201 1
50,662 1
47,094 1
34,062 1
30,194 1
04,859 1
05,829 1
01,167 1
41,274 1
8801716555886 1
365 1
25,040 1
22,540 1
865 1
14,626 1
13,585 1
8801 1
49,801 1
32,000 1
27,000 1
59,826 1
16,380 1
15,826 1
00,380 1
334 1
09,650 1
06,150 1
01,650 1
34,550 1
34,340 1
31,670 1
47,630 1
44,710 1
44,500 1
37,050 1
04,270 1
01,100 1
58,350 1
54,261 1
50,869 1
50,261 1
47,269 1
01,270 1
41,220 1
43,600 1
43,810 1
00,150 1
54,930 1
53,770 1
49,908 1
46,916 1
46,908 1
43,316 1
12,590 1
08,120 1
06,910 1
00,870 1
57,780 1
52,860 1
49,560 1
45,640 1
 1
1,2,3,4 1
246 1
13,331 1
58,327 1
55,460 1
43,782 1
40,881 1
40,806 1
38,178 1
794 1
20,050 1
1766 1
1738 1
135 1
59,051 1
55,354 1
1428 1
15,522 1
39,322 1
59,899 1
9-10 1
λғяαd 1
dυєт 1
63 1
72163427 1
41,248 1
39,038 1
03,096 1
427 1
32,174 1
163 1
42,254 1
39,627 1
2,000 1
2-3 1
35,177 1
32,223 1
637 1
19,797 1
17,50 1
980 1
5.00 1
8.00 1
616-2468 1
37509 1
18500 1
46990384 1
07,375 1
33,265 1
28,328 1
10-1 1
2005 1
16,876 1
05,673 1
165 1
175 1
185 1
16,396 1
265 1
39,088 1
37,860 1
85 1
81 1
245 1
240 1
235 1
230 1
225 1
210 1
205 1
195 1
190 1
1153 1
98213 1
982136 1
34,249 1
211 1
20.06.15 1
15,796 1
14,453 1
273 1
29,108 1
14,710 1
27,106 1
24,951 1
12,320 1
10,120 1
840 1
1.3 1
248 1
29,422 1
1910 1
17,248 1
39,951 1
00,062 1
673 1
56,989 1
54,156 1
671 1
16,382 1
38,710 1
15,085 1
06,624 1
01,469 1
59,784 1
554 1
19,224 1
18,314 1
29,355 1
03,344 1
57,811 1
8.5 1
3307 1
51,759 1
48,800 1
775 1
50,376 1
41,815 1
842 1
ďυєт 1
40,376 1
46,355 1
49,405 1
15,999 1
09,999 1
05,000 1
λятïѕтgιғтy 1
843 1
00,885 1
02,910 1
03,285 1
06,280 1
12,771 1
08,880 1
1088 1
440 1
30,2016 1
-00 1
39,820 1
42,168 1
40,200 1
57,791 1
59,198 1
24,751 1
23,625 1
01,893 1
544 1
34,980 1
38,664 1
03,212 1
116 1
12,706 1
09,038 1
40,244 1
37,176 1
06,192 1
1327 1
200000 1
80,000 1
2696 1
60-70 1
236 1
220000 1
5.45 1
48,666 1
50,232 1
॥ 1
920 1
41,540 1
39,333 1
128 1
16.3 1
832 1
90265 1
10880 1
1864 1
1999 1
59,521 1
57,154 1
583 1
28,798 1
23,000 1
3000 1
30,550 1
08,000 1
41,967 1
1.2 1
49.2 1
62.2 1
19,467,000 1
25,300 1
24,360 1
71,291 1
24,000 1
3-1-0-5 1
55,031 1
54,021 1
1098 1
33,561 1
38,293 1
19,999 1
788 1
42,360 1
44,089 1
16,231 1
14,707 1
16,652 1
14,661 1
12,077 1
55,219 1
26,787 1
05,555 1
38,864 1
50,999 1
06,018 1
52,025 1
38,376 1
32,214 1
04,376 1
44,162 1
54,961 1
45,376 1
31,270 1
27,520 1
26,177 1
534 1
57,439 1
53,798 1
491 1
536 1
50,778 1
473 1
19,177 1
18,142 1
457 1
15,191 1
10,742 1
47,365 1
441 1
29,980 1
666 1
47.6 1
106 1
11111 1
36,000 1
28,501 1
27,999 1
32,859 1
49,723 1
102 1
57,945 1
56,807 1
675 1
45,679 1
44,234 1
45,323 1
22,401 1
20,899 1
25,016 1
51,964 1
50,155 1
304 1
44,455 1
40,245 1
29,679 1
28,927 1
26,004 1
50,844 1
49,501 1
242 1
45,805 1
41,493 1
241 1
290 1
32,465 1
04,813 1
32,016 1
22,240 1
13,874 1
12,497 1
59,331 1
56,521 1
391 1
45,945 1
43,908 1
387 1
41,941 1
38,903 1
386 1
29,778 1
26,331 1
366 1
24.3 1
45,176 1
0.96 1
79.4 1
03,112 1
59,943 1
133901 1
08,058 1
04,439 1
1039 1
144901 1
24,021 1
1950 1
79 1
66 1
431 1
11.50 1
00,423 1
21,821 1
56,327 1
56,343 1
5200 1
800 1
78 1
1500 1
2800 1
1200 1
681 1
58,610 1
347 1
770 1
560 1
1.7 1
5271 1
550 1
137 1
339 1
915 1
18,547 1
16,022 1
1966 1
1960 1
1940 1
1988 1
1982 1
1978 1
1992 1
1952 1
21,619 1
1.36 1
1-4-8-9-2 1
0-4-9-8-3 1
7.5 1
15.4 1
22,620 1
2002 1
44,487 1
45,920 1
636 1
15,137 1
11,645 1
483 1
40,800 1
38,200 1
1127 1
39,425 1
35,591 1
571 1
11,222 1
09,346 1
1.77245 1
1.25 1
3120 1
19.5 1
43,936 1
13,074 1
10,503 1
475 1
15,457 1
13,623 1
704162 1
77 1
45620 1
43,547 1
309 1
36,747 1
32,577 1
1199 1
06,529 1
05,070 1
1143 1
2007 1
03,109 1
47,967 1
10,733 1
42,309 1
9-6-5 1
0-3-1 1
0-4 1
0-4-3 1
0-4-3-2 1
03,691 1
07,606 1
727 1
01,600 1
00,141 1
239 1
1994 1
1993 1
02,727 1
01,024 1
1142 1
59,897 1
41,386 1
00,645 1
58,185 1
503 1
05,728 1
00,305 1
49,680 1
27,313 1
21,314 1
17,314 1
16,314 1
12,100 1
55,993 1
24,992 1
22,314 1
47.000 1
53.700 1
21.268 1
57,562 1
994 1
η 1
1764.3 1
33,933 1
29,349 1
94 1
16.900 1
13.001 1
00.099 1
07.334 1
14.358 1
08.435 1
219 1
25.397 1
44,937 1
194 1
27,861 1
30,989 1
55,838 1
53,540 1
39,391 1
37,457 1
105.5 1
1278 1
687 1
944 1
39,902 1
37,942 1
33,726 1
31,099 1
7-2-5-6 1
55,972 1
1,812 1
665 1
312 1
144 1
192 1
48,828 1
33,789 1
30,910 1
167 1
55,552 1
164 1
16,670 1
13,666 1
152 1
13,533 1
11,030 1
151 1
50,654 1
48,174 1
53,803 1
57,758 1
272 1
03,100--01 1
01,700 1
36,100--00 1
20,100 1
01,500 1
32,500--00 1
55,900 1
06,900--00 1
19,100--00 1
10,00 1
40,984 1
37,753 1
780 1
08,225 1
06,792 1
8801987908263 1
10,900 1
00,900 1
20,100--00 1
58,999 1
35,999--01 1
20,900 1
50,900--01 1
29,900 1
59,900--01 1
15,900--01 1
37,700 1
30,900--01 1
40,900 1
59,900--00 1
43,300 1
42,400 1
50,900 1
60,100 1
2-1 1
157 1
