. 2458285
, 909285
? 704348
- 474125
! 347412
... 243965
ở 156999
" 86408
# 76485
; 67808
1 51137
♪ 31205
: 29410
2 18311
' 18304
ừ 17821
) 16290
.. 12313
ạ 11924
\ 10858
( 10820
3 10518
ồ 9522
} 9458
244 6858
273 6729
] 6647
5 6607
[ 6534
10 6386
224 6108
* 6091
4 5357
6 4602
{ 4438
/ 3925
20 3800
7 3458
243 3405
00 3330
432 3245
30 3197
8 2824
12 2787
ờ 2698
15 2637
ả 2520
% 2343
9 2326
7871 2298
225 2269
236 2025
50 2025
♫ 2010
100 1944
$ 1858
1060 1800
7845 1771
7843 1690
11 1553
250 1549
226 1518
7853 1495
¿ 1447
18 1432
7889 1332
40 1326
7879 1317
7841 1290
24 1268
= 1263
7901 1230
_ 1188
01 1170
25 1158
14 1103
7875 1095
16 1091
13 1088
ổ 1086
234 1062
227 1059
7873 1050
17 1022
7897 1020
1000 1013
½ 1013
7913 961
7899 943
7907 937
200 926
272 926
60 889
7911 884
7891 849
7869 841
45 801
500 783
21 781
¶ 748
7885 747
669 738
417 721
19 712
° 688
7855 682
7903 669
300 666
80 663
7915 633
90 612
22 594
42 583
7919 577
27 576
23 570
7847 569
48 562
~ 537
7921 523
0 519
¡ 518
36 514
237 510
7883 498
35 495
39 494
99 487
96 472
26 453
28 440
70 434
£ 426
911 425
04 414
242 413
297 396
32 395
¾ 388
84 382
642 371
51 368
33 368
87 367
400 366
+ 364
^ 362
88 360
92 359
40.5 356
95 350
29 318
7881 316
7887 312
@ 307
54 305
259 304
83 302
­ 297
75 297
150 296
31 291
¥ 290
91 288
7909 287
249 286
03 285
| 282
38 282
361 276
233 265
37 263
600 258
72 258
7863 257
 251
02 249
43 247
– 244
52 241
34 239
§ 239
47 237
57 237
44 232
55 232
43.5 230
7917 228
7895 227
000 226
657 224
2000 222
309 219
¹ 217
7893 215
1923 213
345 210
645 202
79 201
212 200
ị 197
622.5 194
49.5 192
10.000 191
5000 187
800 186
120 184
05 181
46 176
52.5 175
618 174
37.5 171
253 169
78 168
7865 167
53 166
41 166
19.5 165
98 164
1.000 161
25.5 159
34.5 158
07 157
× 157
49 156
ố 153
​ 153
700 153
63 152
06 152
619.5 152
7857 150
7851 150
¢ 149
© 149
46.5 149
¯ 147
56 142
58 141
-- 139
59 136
69 134
ủ 134
66 131
08 131
180 130
22.5 129
108 129
65 128
÷ 127
101 127
3000 123
ð 121
55.5 121
7849 121
7867 120
639 120
900 118
09 118
1944 116
81 116
2.000 115
82 115
2016 114
64 113
007 111
85 110
132 109
28.5 109
10,000 108
70.5 107
® 106
115.5 106
64.5 104
61.5 104
7877 104
7927 103
1945 102
94 102
100.000 102
136.5 98
621 97
16.5 95
 95
105 92
7859 92
31.5 91
1.5 91
 90
110 90
140 89
450 88
114 88
 88
73.5 88
112.5 87
7890 87
2014 86
624 86
67 86
126 85
111 82
628.5 82
135 81
 81
93 81
5.000 81
1941 78
ợ 76
123 76
67.5 76
750 75
7.5 75
129 75
， 75
781.5 75
1,000 74
109.5 74
121.5 74
76 73
100,000 73
7905 73
· 72
76.5 72
86 72
142.5 71
4000 71
102 71
77 70
97 70
643.5 70
3.000 70
625.5 70
50.000 69
2012 69
181.5 69
30.000 69
2009 69
68 68
1943 68
2013 68
1940 68
ế 68
74 68
1942 67
630 67
13.5 66
4.5 66
2011 66
350 65
1985 65
79.5 65
1980 65
88.5 65
± 64
2003 64
636 63
103.5 63
148.5 63
62 63
10.5 62
640.5 62
20,000 62
20.000 62
627 61
1500 61
130 61
637.5 61
2008 60
1200 60
106.5 58
」 58
1975 58
2,000 58
「 58
607.5 58
147 57
817.5 57
73 57
2015 56
‭ 56
117 56
7914 56
138 56
61 56
245 56
360 55
50-50 55
615 55
89 55
160 55
786 55
654 55
97.5 55
85.5 54
192 54
2002 54
133.5 54
7929 54
ứ 54
357 54
5,000 52
240 52
232 52
609 52
1960 52
171 52
462 51
130.5 50
2004 50
æ 50
603 50
125 50
387 49
2010 49
2006 49
847.5 48
10000 48
616.5 48
200.000 48
204 47
175.5 47
2005 47
124.5 47
453 47
841.5 47
1990 46
94.5 46
604.5 46
1963 46
58.5 46
50,000 45
ớ 45
1973 45
127.5 45
405 45
103 44
472.5 44
7923 44
837 44
30,000 44
1986 44
112 44
661.5 44
1999 43
2007 43
8000 43
82.5 43
771 43
646.5 43
1958 42
480 42
6000 42
1939 42
187.5 42
415.5 42
738 42
483 42
3,000 42
223.5 41
1950 41
580.5 41
1,2 41
826.5 41
516 41
1987 41
1992 41
1549 41
1969 41
442.5 41
214.5 41
423 41
807 40
511.5 40
118.5 40
822 40
15.000 40
540 40
1965 40
2001 40
500,1 40
139.5 40
144 39
177 39
1998 39
91.5 39
682.5 39
573 39
507 38
1970 38
1984 38
1997 38
40.000 38
652.5 37
414 37
748.5 37
840 37
 37
606 37
505.5 37
678 36
1800 36
649.5 36
162 36
213 36
25,000 36
1,5 36
679.5 36
1982 36
520.5 36
100.5 36
300.000 35
141 35
71 34
1968 34
4.000 34
555 34
153 34
375 34
633 34
1978 34
207 34
1989 34
257 34
610.5 34
441 34
201 34
672 34
390 34
285 34
221 34
151.5 34
696 34
168 33
198 33
330 33
1,2,3 33
1991 33
631.5 33
844.5 33
211 33
320 33
376.5 33
200,000 32
2-1 32
523.5 32
40,000 32
838.5 32
1.500 32
613.5 32
169.5 32
500.000 32
811.5 32
1967 32
753 32
858 32
582 32
109 32
379.5 32
2.5 31
156 31
324 31
336 31
690 31
391.5 31
206 31
25.000 31
220.5 31
451.5 31
³ 31
210 31
300,000 31
612 31
306 31
ụ 30
426 30
178.5 30
489 30
2166 30
526.5 30
1971 30
784.5 30
766.5 30
846 30
445.5 30
775.5 30
1937 30
538.5 30
447 29
418.5 29
— 29
868.5 29
456 29
733.5 29
270 29
684 29
186 29
192,220 29
1996 29
420 29
ỷ 29
517.5 29
1995 29
219 29
1979 29
6.000 29
1918 29
522 29
385.5 28
1988 28
999 28
397.5 28
409.5 28
655.5 28
510 28
856.5 28
2017 28
1955 28
471 28
4,5 27
60.000 27
.... 27
222 27
231 27
い 27
408 27
̅ 27
ừ. 27
1900 27
433.5 27
1-2 27
1972 27
687 27
118 27
280 26
537 26
378 26
1964 26
810 26
852 26
220 26
365 26
1-1 26
772.5 26
291 26
870 26
334.5 26
1966 26
765 26
475.5 26
859.5 26
588 25
107 25
7000 25
2500 25
1.200 25
801 25
1974 25
216 25
318 25
402 25
166.5 25
823.5 25
154.5 25
145.5 25
321 25
436.5 25
1961 25
1962 25
525 25
435 25
667.5 25
4,000 24
2,5 24
2.0 24
1903 24
106 24
1700 24
104 24
113 24
1600 24
747 24
247.5 24
ẹ 24
1976 24
519 24
855 24
2.500 23
246 23
189 23
1408 23
724.5 23
8,000 23
174 23
115 23
751.5 23
508.5 23
ỉ 23
1938 23
 23
543 23
1981 23
577.5 23
128 23
165 23
651 23
355.5 23
9-1-1 23
585 23
427.5 22
504 22
1959 22
298.5 22
170 22
660 22
873 22
232.5 22
315 22
820.5 22
865.5 22
1,500 22
235.5 22
1920 22
888 22
ª 22
700.5 22
1977 22
172.5 22
1956 22
897 22
498 21
579 21
1993 21
774 21
403.5 21
903 21
289.5 21
15,000 21
595.5 21
305 21
197 21
7902 21
477 21
762 21
730.5 21
501 21
230 21
673.5 21
1954 21
381 21
744 21
た 21
634.5 21
598.5 21
363 21
294 21
393 20
825 20
5-0 20
861 20
1216.5 20
808.5 20
680 20
183 20
1983 20
754.5 20
478.5 20
741 20
283.5 20
258 20
2,3 20
829.5 20
190 20
465 20
12.000 20
466.5 20
499.5 20
312 20
1929 20
843 20
208 20
448.5 20
493.5 19
 19
490.5 19
314 19
275 19
411 19
7861 19
50000 19
850.5 19
735 19
325 19
152 19
¼ 19
208.5 19
685.5 19
831 19
1953 19
957 19
993 19
492 19
424.5 19
7.000 19
421.5 19
308 19
327 19
10-4 19
1261 19
2000,2000 19
1928 19
882 19
849 19
666 19
312,450 19
202 18
1005 18
394.5 18
☺ 18
☆ 18
304 18
190.5 18
252 18
‚ 18
613 18
ỏ 18
535.5 18
1030.5 18
333 18
648 18
1216 18
331.5 18
2-0 18
に 18
1919 18
1994 18
196.5 18
238.5 18
155 18
303 18
241.5 18
1400 18
1952 18
502.5 18
..... 18
だ 18
187 18
793.5 18
1936 17
342 17
373.5 17
322.5 17
460.5 17
░ 17
302 17
1911 17
369 17
286.5 17
1933 17
159 17
1917 17
199 17
175 17
0000 17
552 17
780 17
514.5 17
354 17
783 17
444 17
80.000 17
688.5 17
124 17
150.000 17
399 17
828 17
894 17
205 17
250.000 17
260 17
133 17
119 17
1158 17
916.5 17
795 16
451 16
û 16
7500 16
316.5 16
160.5 16
202.5 16
̃ 16
404 16
6,000 16
157 16
1949 16
589.5 16
496.5 16
357.335 16
0-8-4 16
1237.5 16
790.5 16
463.5 16
697.5 16
9000 16
1-3 16
546 16
1957 16
1930 16
2-2 16
215 15
699 15
う 15
250,000 15
8.000 15
1947 15
1045.5 15
503 15
1056 15
550 15
736.5 15
500,000 15
2046 15
835.5 15
1,6 15
1932 15
5446 15
819 15
2571 15
396 15
´ 15
348 15
597 15
1152 15
れ 15
663 15
915 15
20000 15
70.000 15
805.5 15
163.5 15
ë 15
205.5 14
199.5 14
2400 14
650 14
574.5 14
592.5 14
253.5 14
876 14
912 14
1935 14
332 14
1843 14
...... 14
121 14
528 14
1224 14
439 14
675 14
400,000 14
148 14
1050 14
喂 14
.22 14
714 14
406 14
193 14
658.5 13
3-4 13
100000 13
307.5 13
1203 13
ử 13
850 13
950 13
235 13
867 13
116 13
602 13
1110 13
732 13
800.000 13
1905 13
184.5 13
35.000 13
217 13
898.5 13
292.5 13
€ 13
745.5 13
1129.5 13
468 13
90.000 13
1170 13
985.5 12
な 12
366 12
1194 12
295 12
567.372 12
3,5 12
816 12
288 12
1183.5 12
ỹ 12
1,200 12
274 12
5,6 12
2-5 12
1059 12
15000 12
486 12
2-3 12
1914 12
60,000 12
1159.5 12
513 12
っ 12
637 12
る 12
1925 12
1946 12
228 12
561 12
1-0 12
229.5 12
122 12
185 12
203 12
7,5 12
550.5 12
388.5 12
709 12
て 12
357.327 12
1125 12
454.5 12
729 12
1300 12
301.5 12
1912 12
2.8 12
1948 12
157.5 12
3.5 11
558 11
36-500 11
301 11
966 11
789 11
553.5 11
717 11
372 11
194 11
295.5 11
415 11
994.5 11
412.5 11
425 11
351 11
705 11
1910 11
261 11
ẻ 11
3.500 11
172 11
166 11
693 11
1038 11
879 11
127 11
891 11
711 11
60-40 11
1,2,3,4 11
1188 11
3-1 11
400.000 11
310 11
1162.5 11
564 11
154 11
1931 11
317 11
9.000 11
395 11
1880 11
277 11
ự 11
134 11
1581 11
3200 11
1951 11
25000 11
1876 11
954 11
22.000 11
195 11
139 11
70,000 10
322 10
ấ 10
921 10
1-6 10
247 10
™ 10
80,000 10
384 10
340 10
1812 10
576 10
1934 10
.45 10
8.5 10
429 10
9.5 10
2-11 10
182 10
457 10
380 10
394 10
14,000 10
1072.5 10
990 10
290 10
10-24 10
1026 10
1066.5 10
382.5 10
544.5 10
0.5 10
218 10
211.5 10
777 10
158 10
328.5 10
255 10
1195.5 10
1222.5 10
349.5 10
406.5 10
1233 10
1,950 10
742.5 10
984 10
》 10
1107 10
3-0 10
1904 10
787.5 10
193.5 10
1924 10
ðồ 10
298 10
143 10
670.5 10
1.800 10
586.5 10
1.4 10
75.000 10
1865 10
723 10
798 10
1922 10
1357 10
98.6 10
2020 10
895.5 10
30000 10
ờ- 10
883.5 10
958.5 10
1-8-0 9
1023 9
176 9
1890 9
11,2 9
7,000 9
《 9
1100 9
640 9
192,230 9
430.5 9
1927 9
307 9
136 9
1715 9
？ 9
703 9
164 9
1776 9
1119 9
3-10 9
802.5 9
5-6 9
591 9
283 9
1,4 9
917 9
1147.5 9
17.000 9
541.5 9
214 9
475 9
1207.5 9
364 9
951 9
137 9
1885 9
392 9
361.5 9
142 9
3500 9
549 9
481.5 9
976.5 9
151 9
1.6 9
694.5 9
と 9
ま 9
.38 9
わ 9
7844 9
9,000 9
1915 9
1.3 9
1020 9
の 9
344 9
145 9
409 9
800,000 9
533 9
そ 9
167 9
2300 9
3-0-3 9
1870 9
600.000 9
1206 9
5500 9
880 9
訳 9
1789 9
756 9
440 9
え 9
401 8
340.5 8
1003.5 8
517 8
̉ 8
598 8
1213.5 8
505 8
å 8
276 8
913.5 8
1243.5 8
功夫 8
487.5 8
1-9 8
299 8
阿傑 8
596 8
799.5 8
567 8
238 8
520 8
469.5 8
862.5 8
853.5 8
560 8
1,8 8
¤ 8
972 8
1128 8
217.5 8
1126.5 8
500000 8
1177.5 8
412 8
250.5 8
 8
259.5 8
880.5 8
1161 8
√ 8
.357 8
16,000 8
6,5 8
1921 8
1,940 8
1219.5 8
ẽ 8
ỡ 8
2200 8
2-2-0 8
871.5 8
357.326 8
719 8
2,300 8
....... 8
2.09 8
625 8
4500 8
335 8
813 8
571.5 8
768 8
622 8
3.9 8
969 8
11.000 8
3,2 8
339 8
1131 8
ở- 8
752 8
960 8
357.324 8
2147 8
583.5 8
760.5 8
‌ 8
413 8
254 7
708 7
1063.5 7
706.5 7
1.25 7
832.5 7
370 7
428 7
2-6 7
3-5 7
3,4 7
ề 7
1,600 7
559.5 7
2,1 7
565.5 7
4.0 7
1035 7
251 7
1006.5 7
1863 7
737 7
2.6 7
700.000 7
1014 7
987 7
973.5 7
2,7 7
996 7
580 7
2030 7
1-2-0 7
937.5 7
400.5 7
720 7
346 7
1861 7
1830 7
352 7
1895 7
455 7
726 7
0-9-0 7
600,000 7
1113 7
009 7
1270.5 7
1902 7
10-55 7
886.5 7
184 7
...................... 7
347 7
3-1-0 7
6-0 7
！ 7
343 7
1916 7
949.5 7
505-242-7700 7
1913 7
632 7
20-30 7
594 7
1850 7
1907 7
241 7
250000 7
5-1 7
14.000 7
536 7
1186.5 7
264 7
534 7
26.000 7
438 7
1215 7
1168.5 7
820 7
490 7
1164 7
248 7
975 7
24601 7
511 7
1899 7
120.000 7
191 7
388 7
45.000 7
13.000 7
4-7-1 7
421 7
506 7
1858 7
じゃ 6
2,4 6
446 6
547.5 6
547 6
合 6
言 6
346.5 6
1821 6
691.135 6
669.801 6
567.234 6
374 6
328 6
1280 6
で 6
567.24 6
1882 6
567.14 6
1276.5 6
567.255 6
256 6
567.236 6
40000 6
940.5 6
567.261 6
313.5 6
337 6
も 6
1897 6
634 6
0.1 6
ず 6
427 6
4-1 6
4-0 6
713 6
を 6
282 6
268 6
266 6
ろ 6
せ 6
355 6
256.5 6
410 6
よ 6
326 6
529.5 6
4.3 6
16000 6
454 6
1218 6
936 6
1520 6
515 6
512 6
10-13 6
495 6
1201.5 6
2,500 6
75,000 6
474 6
150,000 6
464 6
460 6
3-1000 6
494 6
448 6
433 6
1111.5 6
6500 6
1227 6
1236 6
570 6
............... 6
320.000 6
500,500 6
19,000 6
80-90 6
430 6
665 6
2-9 6
1248 6
443 6
38,000 6
1,100 6
.000 6
470 6
1.9 6
1212 6
1002 6
260.000 6
噯 6
豆腐 6
1492 6
1.100 6
........................ 6
.44 6
1009.5 6
316 6
311 6
292 6
892.5 6
6.5 6
877.5 6
163 6
792 6
̣ 6
2032 6
763.5 6
ồ. 6
739.5 6
18.000 6
1,1 6
2018 6
885 6
1893 6
--- 6
538 6
......... 6
1.8 6
1033.5 6
1894 6
270.000 6
997.5 6
419 6
760 5
566 5
742 5
1242 5
1681 5
1908 5
1-5 5
1017 5
1029 5
1620 5
043 5
6-1 5
731 5
ừ- 5
1888 5
ø 5
1840 5
2700 5
4,6 5
22705 5
17,000 5
1909 5
7.2 5
812 5
6.25 5
4,3 5
ðộ 5
4400 5
5,3 5
............ 5
1-4 5
268.5 5
725 5
.............. 5
ï 5
0-3 5
709.5 5
727.5 5
........... 5
1279.5 5
1792 5
1065 5
418 5
1077 5
1.2 5
391 5
1036.5 5
1024.5 5
1012.5 5
319 5
........ 5
296 5
955.5 5
484.5 5
293 5
919.5 5
901.5 5
889.5 5
223 5
1,3 5
178 5
0.8 5
24.000 5
2.3 5
90,000 5
664.5 5
422 5
1048.5 5
1120.5 5
424 5
1117.5 5
1122 5
830 5
1171.5 5
681 5
1780 5
664 5
796.5 5
436 5
1878 5
2,400 5
323 5
4602 5
................. 5
280.000 5
1,775 5
1,810 5
544 5
358.5 5
499 5
1197 5
488 5
1165.5 5
473 5
1173 5
1114.5 5
437 5
434 5
0.2 5
1,900 5
10,5 5
614 5
ỳ 5
3.7 5
265 5
914 5
2024 5
2021 5
461 5
200000 5
1.400 5
179 5
269 5
15-20 5
1814 5
11000 5
001 5
610 5
1.600 5
1012 5
1001 5
1146 5
376 5
173 5
1881 5
1080 5
1868 5
431 5
529 5
407 5
2.2 5
0-5-0 5
1,9 5
403 5
0,5 5
278 5
99.9 5
6,2 5
131 5
10-80 5
10-30 5
3,2,1 5
535 5
669.42 4
357.303 4
357.184 4
669.439 4
357.222 4
620 4
357.238 4
357.358 4
568 4
357.278 4
669.757 4
669.574 4
10-15 4
357.256 4
669.572 4
357.341 4
556 4
357.219 4
2,400,000 4
357.273 4
715 4
2,100,000 4
357.213 4
712 4
727 4
669.661 4
702 4
736 4
701 4
35,000 4
865 4
752.109 4
8.7 4
1150 4
2,500,000 4
10-10 4
616 4
669.569 4
1284 4
647 4
650.000 4
939 4
595 4
146-8729 4
722 4
669.432 4
357.202 4
0.38 4
472 4
10-06 4
1.2.3.4 4
5-7 4
7-11 4
走 4
好 4
562 4
就是我的戰鬥 4
運動 4
呼 4
7.50 4
900.000 4
690.877 4
1,850 4
180.000 4
1,650 4
690.88 4
8725 4
2,200 4
557 4
78,298 4
25-30 4
1689 4
7090 4
1,750 4
2-7-5 4
1-3-5 4
12,000 4
36-383 4
2317 4
87104 4
7860 4
146 4
85.000 4
1527 4
8600 4
509 4
14000 4
289 4
476 4
463 4
459 4
3-9 4
661.802 4
1860 4
416 4
536.328 4
709.662 4
357.264 4
3-8 4
1889 4
329 4
1-800 4
1886 4
......................... 4
.......................... 4
287 4
279 4
.................... 4
209 4
40-50 4
17.500 4
6353 4
181 4
341 4
0.7 4
1149 4
18,000 4
2029 4
239 4
1281 4
1282.5 4
1290 4
1300.5 4
1297.5 4
1287 4
350,000 4
1273.5 4
1230 4
1258.5 4
1790 4
47,000 4
367 4
1609 4
0.6 4
016 4
1123.5 4
ầ 4
3,14159265 4
1102.5 4
1,300 4
36,000 4
0400 4
981 4
2-4-5 4
948 4
2442 4
0-2-0 4
567.264 4
567.127 4
244.5 4
367.5 4
17000 4
161 4
1,800 4
4028 4
9.6 4
1-7-5 4
691.5 4
11-9 4
1887 4
♥ 4
267 4
562.5 4
872 4
778.5 4
1671 4
ðủ 4
364.5 4
4.25 4
83,000 4
457.5 4
567.27 4
2,2 4
586 4
567.495 4
 4
698 4
1804 4
942 4
931.5 4
18000 4
2119 4
357.328 4
1.700 4
357.296 4
357.31 4
1101 4
357.309 4
357.357 4
357.342 4
357.322 4
1104 4
1138.5 4
1143 4
9-9 4
9,5 4
2-1000 4
567.094 4
1877 4
16.000 4
1198.5 4
7.62 4
567.04 4
2301 4
1185 4
644 4
1844 4
726.966 4
10-12 4
4-1000 4
357.36 4
357.337 4
42000 4
0,6 4
904.5 4
907.5 4
568.5 4
274.5 4
30-40 4
8.0 4
3.6 4
567.212 4
567.232 4
5482 4
2.700 4
1805 4
1039.5 4
1027.5 4
6-8 4
567.126 4
9,8 4
1871 4
1062 4
567.526 4
357.336 4
357.315 4
357.318 4
357.306 4
357.339 4
357.356 4
5º 4
357.332 4
832 4
4-5 4
319.5 4
0-1 4
 4
9-0 4
1857 4
4.800 4
46,02 4
3.0 4
------ 4
553 4
1257 4
0.3 4
1-0-7 4
2-2-0-5-6 4
8-5-0-2-3 4
478 4
3-2 4
508 4
8.2 4
791 4
2218 4
638 4
1,400 4
1663 4
11-0 4
1898 4
1815 4
482 4
70-30 4
1867 4
1640 4
706 4
3633 4
4-2 4
2,3,4 4
28,000 4
1,875 4
2271 4
1848 4
933 4
1293 4
4,2 4
7.745 4
1.7 4
ðề 4
4.200 4
1874 4
69.1 4
652 4
055 4
928 4
1.50 4
1849 4
946 4
342856 4
6-1-6 4
4747 4
1,7 4
2.50 3
75,12 3
4200 3
611 3
5901 3
749 3
599 3
3.800 3
148-3369 3
5-1000 3
626 3
730 3
134.6 3
2.00 3
.4 3
1576 3
5.4 3
905 3
10-71 3
91.10 3
31.259 3
10-2 3
1204.5 3
1008 3
10-60 3
10-52 3
3.200 3
1999.1 3
22,000 3
1-1000 3
370.5 3
5-7-5 3
1439 3
646 3
0943 3
811 3
3-12 3
0466 3
2-7 3
23.00 3
12,5 3
715.5 3
5-9 3
触 3
784 3
9.2 3
1-9-5 3
35.15 3
539 3
531 3
530 3
安靜 3
526 3
1892 3
518 3
617 3
0.50 3
497 3
820.705 3
822.704 3
818.789 3
827.373 3
830.04 3
831.056 3
449 3
452 3
834.36 3
835.534 3
0.12 3
3.2 3
829.262 3
832.707 3
359 3
853 3
826.923 3
826.162 3
466 3
10,9 3
1901 3
770 3
710 3
5-10 3
10-31 3
1819 3
692 3
線 3
12-7-2-4-1 3
2-7-0 3
6,4 3
99,1 3
110.000 3
3600 3
504-555-0130 3
1-2-3-4 3
700,000 3
659 3
655 3
1,800,000 3
590 3
 3
150000 3
619 3
868 3
2,200,000 3
ỗ 3
635 3
2063 3
65,000 3
140,000 3
643 3
7-8 3
545 3
1105.5 3
2054 3
2.1 3
1182 3
72.000 3
567.51 3
0,25 3
934 3
27099 3
944 3
804 3
1167 3
13-40 3
10-59 3
281 3
5-2 3
3955 3
350.000 3
1032 3
.000.000 3
1299 3
1291.5 3
2-3-0 3
3-3 3
1272 3
803 3
1245 3
13-22-04 3
51-17-28 3
6.50 3
1231.5 3
1862 3
859.999 3
436.269 3
4-7 3
1720 3
802 3
.223 3
907 3
196 3
128.04 3
ộ 3
0-0 3
012 3
7.1 3
2-8 3
1,2,3,4,5,6,7 3
1-5-0 3
21000 3
3-1-5 3
45,000 3
11,000 3
3.900 3
1796 3
12.432 3
1039 3
385 3
55.000 3
556.5 3
864 3
6627 3
1526 3
469 3
352.5 3
4.50 3
750,000 3
313 3
1-13 3
769.5 3
920 3
952.5 3
0023 3
280.5 3
304.5 3
1818 3
980 3
978 3
1000.5 3
1,99 3
988.5 3
1875 3
53,000 3
991.5 3
1111 3
.......... 3
0-2 3
1740 3
1214 3
1555 3
830.748 3
1926 3
4129 3
118-62 3
4-10-12 3
3.25 3
1879 3
5933 3
2203 3
1-15 3
337.5 3
1- 3
192,190 3
967.5 3
1180.5 3
1179 3
1533 3
60000 3
776 3
1156.5 3
1108.5 3
3,14 3
3.14159265 3
5-3 3
593 3
5,6,7,8 3
1041 3
1054.5 3
467 3
ạ. 3
485 3
9,2 3
9-9-9 3
10-25 3
5250 3
2050 3
934.5 3
946.5 3
458 3
2023 3
860 3
906 3
45,800 3
10-45 3
27.000 3
831.957 3
1456 3
839.373 3
827 3
............. 3
め 3
............................ 3
.............................. 3
918 3
229 3
º 3
く 3
良 3
56.4 3
り 3
2. 3
188 3
1642 3
44.4 3
分 3
物 3
10.3 3
................................ 3
1.778 3
息 3
............................. 3
4.40 3
1,700 3
君 3
617,000 3
さ 3
487 3
926-31 3
拙 3
吸 3
し 3
変 3
啊 3
32.000 3
6-2-2-8 3
286 3
284 3
....................... 3
• 3
7,8 3
263 3
深 3
617,226 3
示 3
僕 3
6,500 3
941 3
2-5-7-1 3
571 3
0600 3
035 3
1825 3
哇 3
1714 3
87.2 3
7605 3
1,920 3
1891 3
1275 3
64741 3
1,725 3
1,675 3
2-12 3
1404 3
是我的氣魄 3
讓你顫抖 3
勝利到 3
5988.32 3
達 3
は 3
43.000 3
050 3
3506 3
592 3
2040 3
117.000 3
225,000 3
1066 3
1445 3
426344 3
1116 3
0,8 3
9.7 3
011 3
685 3
打他個片甲不留 3
弟兄我們往前衝 3
成王敗冠 3
---- 3
が 3
笑 3
む 3
027 3
叫 3
報 3
377 3
か 3
1,75 3
嘘 3
苦 3
消 3
2-0-0 3
375,000 3
ば 3
つ 3
待 3
7,62 3
ほ 3
1239 3
願 3
救 3
け 3
338 3
0900 3
349 3
界 3
398 3
1296 3
382 3
壊 3
び 3
ん 3
望 3
間 3
919 3
7,500 3
こ 3
397 3
境 3
1040 3
上 3
4587 3
1086 2
3.50 2
0-6 2
10-35 2
2,100 2
10705 2
0-8 2
7300 2
7-0 2
0,19 2
ֶ 2
6237 2
0.06 2
98-3 2
426343 2
1,25 2
33,000 2
ệ 2
84.000 2
18,4 2
9.3 2
1018 2
3.99 2
555-2130 2
62.000 2
5,4,3 2
4478 2
9-8 2
21500 2
11-8-19 2
1634 2
9248 2
88.000 2
13,876.11 2
10-66 2
1,77245 2
1243 2
18.95 2
ắ 2
002 2
6-1-1 2
6439 2
1531 2
4.500 2
7- 2
875 2
3,14- 2
1846 2
1831 2
8,9 2
73,000 2
10.30 2
2.400 2
3,6 2
347-229 2
2150 2
2.95 2
28,137 2
038 2
4227 2
74,000 2
2025 2
1629 2
3120 2
2128.16 2
149.90 2
1601 2
1837 2
ðụ 2
1638 2
38,862 2
25,298 2
5,4 2
3184.53 2
268,184.53 2
815 2
3.75 2
0024 2
10-98 2
2330 2
4.89 2
74,316.47 2
625,731 2
963 2
8128.77 2
8128.76 2
11,805 2
3.700 2
964.5 2
6,6 2
5- 2
4,472 2
3,1495265 2
28764 2
5,760 2
1-5-2-6-3 2
85.150 2
638.55 2
99.8 2
2-6-2 2
 2
1057.5 2
1263 2
1-9-0 2
0-4-3-2 2
3.4 2
7676 2
12.500 2
‰ 2
5.8 2
1650 2
98.8 2
6.7 2
3.550 2
983 2
46,56 2
10-39 2
18,781 2
2100 2
1.777 2
21,582 2
32,970 2
1743 2
862 2
20,0001 2
2.75 2
1.470 2
0.60 2
40.66.34 2
1221 2
73.78.32 2
0845 2
3598 2
2207 2
190,70 2
2-1-0-0 2
931 2
0-4 2
015 2
5024 2
1030 2
10-6 2
1-2-1-6 2
1.0 2
4-56 2
0.357 2
75000 2
818 2
5317 2
165,2356 2
1-2-3 2
86.000 2
2111 2
350000 2
29-8-1997 2
2884 2
1165 2
971 2
2-1-5 2
3800 2
16,11984 2
21911 2
6.776.000 2
831-4726 2
40-30 2
1-19 2
4365 2
3-6 2
1-8 2
← 2
4096 2
̀ 2
902 2
1209 2
998 2
4.811 2
44,974 2
1045 2
᯲ 2
᧯ 2
38.5 2
1883 2
003 2
43.613 2
210,000 2
14.3 2
41,680 2
362 2
117,000 2
7-5 2
30.77 2
30-35 2
360.000 2
3245 2
5.003 2
32,683 2
0192 2
28.234 2
 2
4.343 2
37.65 2
1608 2
3-3-4 2
2.703 2
653 2
201.6 2
2-3-2 2
940 2
926 2
14,5 2
2,8 2
5,7 2
122998 2
兒子啊 2
3212 2
1.83 2
0,9 2
123-025-3964 2
879,000 2
5.15 2
1334 2
1793 2
12.9 2
75365423 2
55-01 2
¨ 2
37,000 2
40,570 2
64. 2
2,15 2
2,000,000 2
37.000 2
7.945.400 2
3,7 2
0,7 2
11.5 2
83675 2
2.7 2
2.99 2
0,1 2
................... 2
2.12 2
6734 2
6.8 2
1829 2
1.20 2
0.001 2
5.2 2
42.000 2
............................... 2
1505 2
943239487 2
................ 2
.................. 2
¬ 2
1145 2
0,97 2
12.5 2
2212 2
..................... 2
4900 2
14.5 2
本來 2
0921424327 2
29052 2
........................... 2
2606 2
6,400 2
323.98 2
6-3 2
021084 2
48216 2
1798 2
1141 2
924 2
免得你說我吃你豆腐 2
3514 2
.07 2
趕緊穿上旗袍 2
35000 2
0,45 2
5.6 2
2249 2
15,2 2
6-19-82 2
36.000 2
5.7 2
10077 2
72,5 2
師父 2
8535 2
1.900 2
1732 2
15,782 2
325.5 2
1314 2
加油 2
2.100 2
155293846729 2
1,83 2
2-4 2
8-9 2
7-10 2
.1 2
1,85 2
7-6 2
7700 2
1.03 2
17- 2
610452 2
892 2
935 2
5700 2
來 2
3-0-2-3 2
1-12 2
2-8-0 2
3-0-0-1 2
1709 2
0293 2
3.00 2
49,000 2
謝謝 2
850.000 2
9,017 2
47.6 2
1.30 2
2-3-4-7-9 2
2-3-4-7-9-1 2
2-3-4-7-8-6 2
是啊 2
3-7-9-4 2
39,1 2
1836 2
1845 2
.30 2
9-1 2
2-8-7 2
什麼 2
不值一提 2
1713 2
1539 2
1502 2
蕭嵐 2
漂亮 2
1137 2
好準啊 2
1141.5 2
別看了 2
126,8 2
太好了 2
18,960 2
但是 2
謝謝你 2
1-9-7 2
1-1-2-3-5 2
帥 2
8.500 2
2735 2
814 2
064 2
845 2
1621 2
0-0-0.2 2
2160 2
2- 2
33,33 2
10,2 2
11257 2
2-1-0 2
5.00 2
1906 2
2978 2
017 2
1718 2
98.000 2
1033 2
1234 2
0- 2
908 2
014 2
443441 2
1071 2
1074 2
1075.5 2
1-100 2
4,572 2
1-7-4-3-0 2
9212 2
8-6 2
3185 2
0914.256.286 2
1060.5 2
8.1 2
4541 2
340.000 2
970 2
1550 2
1603 2
7,2 2
21,000 2
047 2
4,5,6 2
1099 2
0-6-9 2
0,15 2
1047 2
6-1-7 2
14800 2
34,7 2
.364 2
59049 2
1.750 2
39574 2
3-18 2
715666 2
97,2 2
0905 2
2.07 2
150581 2
.05 2
1583 2
8-2001 2
170,147 2
4001 2
9809 2
6.2 2
9-10 2
4-3 2
2.800 2
13,000 2
1852 2
20,30 2
03.06.1944 2
904 2
310-555-5309 2
1019 2
不行 2
29.000 2
004 2
1225 2
✩ 2
1658 2
0942 2
666909 2
2263.2 2
4468 2
240.000 2
4.10 2
2.80 2
3.8 2
6-9-9-1 2
ạ- 2
9-4-3-6-8 2
1246.5 2
1437 2
1234.5 2
9,95 2
怎麼樣 2
9.300 2
830-7860 2
2401 2
212-555-0159 2
3233 2
9,999 2
2187 2
3-4-2-0-0-1 2
2,600 2
1998-2006 2
4700 2
29,5 2
1753 2
1507 2
29.5 2
3108 2
1-2-5 2
34,88 2
3-3-0 2
2,35 2
733 2
665.657 2
460.818 2
07700-900 2
665.668 2
077 2
567.191 2
900957 2
697 2
567.086 2
4,500 2
1775 2
42.195 2
733.681 2
733.821 2
567.368 2
567.105 2
370.986 2
567.099 2
96.6 2
567.482 2
567.479 2
733.554 2
733.612 2
733.537 2
566.979 2
0317458700 2
733.58 2
733.592 2
567.226 2
567.258 2
566.805 2
567.137 2
567.178 2
566.898 2
1010 2
567.199 2
665.925 2
567.518 2
1004 2
567.459 2
567.457 2
567.017 2
567.263 2
35,100 2
567.509 2
32,274 2
479 2
1873 2
613.602 2
460.874 2
665.644 2
4-17 2
2600 2
9.8 2
613.547 2
310275 2
4-6 2
1432 2
1.2.3 2
537.653 2
331 2
578 2
877 2
765.183 2
823 2
665.7 2
1007 2
567.501 2
7-3 2
1.115 2
694 2
669.531 2
909 2
690.894 2
691 2
690.83 2
689 2
945 2
31.000 2
669.627 2
964 2
4-2-0 2
943.5 2
690.864 2
212-555-9898 2
689.931 2
669.465 2
4,7 2
2-2-7 2
19334 2
2-7-4 2
535.021 2
689.929 2
535.02 2
686 2
0800 2
169 2
689.888 2
669.625 2
2048 2
785,370 2
8675309 2
371.135 2
733.308 2
567.356 2
1.1 2
567.217 2
733.786 2
0700 2
491 2
765.448 2
613.812 2
271 2
5.26 2
669.236 2
1.500.000 2
02,575 2
461.084 2
765.318 2
5.23 2
460.953 2
910.5 2
496 2
757.5 2
537.801 2
590.088 2
9-15 2
712.5 2
12000 2
537.906 2
613.681 2
6005 2
695 2
99,9 2
371.24 2
1,2,3,4,5 2
669.54 2
567.224 2
669.341 2
8.6.64 2
661.612 2
661.626 2
442 2
718 2
536.467 2
2137 2
754 2
669.548 2
709.802 2
536.575 2
1546 2
669.684 2
661.653 2
758 2
759 2
669.648 2
765.208 2
709.909 2
7.3 2
120,000 2
669.606 2
669.365 2
386 2
669.564 2
707 2
4.9 2
383 2
373 2
6-7 2
751 2
7.6.47 2
748 2
807.75 2
724 2
669.437 2
43.125.000 2
790 2
6-6 2
728 2
43.125 2
669.393 2
669.534 2
734 2
682 2
669.472 2
0-6-0 2
90-10 2
669.912 2
331.8 2
661.629 2
669.78 2
745 2
669.782 2
661.893 2
743 2
371 2
1.00 2
669.651 2
669.414 2
0-9-5 2
727.134 2
739 2
669.162 2
13,748 2
665.801 2
669.8 2
669.378 2
661.51 2
726.556 2
726.476 2
661.512 2
726.749 2
726.75 2
7551 2
7421121176 2
2332 2
726.679 2
726.743 2
726.687 2
1250 2
726.981 2
765.161 2
325,000 2
613.524 2
567.446 2
1,250 2
567.437 2
566.938 2
567.204 2
3,500 2
605 2
1498 2
1610 2
567.195 2
460.796 2
765.238 2
567.194 2
726.801 2
726.324 2
631 2
1069.5 2
44-6 2
613.572 2
460.843 2
765.207 2
4-4-3 2
368 2
669.536 2
709.691 2
536.331 2
709.665 2
661.803 2
613.571 2
669.435 2
669.143 2
6095 2
669.311 2
60-65 2
445 2
1679 2
23-17-46-11 2
661.555 2
353 2
661.523 2
536.357 2
961.5 2
460.842 2
3,75 2
669.926 2
669.879 2
669.618 2
669.558 2
356 2
982.5 2
900,000 2
1044 2
690.867 2
567.145 2
756.3 2
566.839 2
567.15 2
527 2
567.167 2
14,944 2
567.077 2
733.764 2
160.000 2
170.000 2
220.000 2
532 2
310.000 2
690.903 2
567.389 2
8-10 2
567.151 2
567.168 2
200-300 2
567.448 2
628 2
567.271 2
4.900 2
1362 2
733.737 2
1479 2
1483.5 2
691.096 2
521 2
733.763 2
310.5 2
524 2
42.5 2
567.225 2
567.237 2
1320 2
2043 2
47,459 2
567.241 2
12.50 2
0310 2
601.5 2
0,4 2
690.596 2
1.57 2
566.997 2
814.5 2
.200 2
690.879 2
1042.5 2
140.000 2
567.507 2
2.4 2
567.498 2
2022 2
1-5-1 2
45.2 2
542 2
5.45 2
567.335 2
58.8 2
584 2
567.162 2
1616 2
10024 2
1184 2
567.171 2
569 2
559 2
180.80 2
551 2
212-664-7665 2
57.2 2
35.6 2
52.4 2
4.00 2
5.30 2
257.4 2
22,7 2
734.028 2
733.872 2
567.208 2
623 2
30.43 2
ºï 2
0-4-5 2
567.268 2
1160 2
567.43 2
567.464 2
733.774 2
1554 2
566.861 2
1121 2
2.20 2
125,000 2
4913 2
567.143 2
9.1 2
604 2
1-1-8 2
1729 2
567.186 2
0-2-9 2
601 2
2-1-8 2
567.125 2
567.189 2
55.6 2
704 2
733.724 2
733.485 2
130.000 2
721 2
149 2
534.995 2
690.192 2
1144.5 2
910 2
4.6 2
045 2
733.743 2
567.003 2
566.975 2
1787 2
1854 2
566.719 2
534.978 2
1980-2002 2
566.966 2
12-12 2
752.074 2
733.654 2
1155 2
40,120 2
733.626 2
566.968 2
43,924 2
40-45 2
7010 2
752.125 2
2219 2
2-4-7 2
553.2 2
1240.5 2
833 2
502 2
1251 2
752.091 2
1252.5 2
689.949 2
589 2
543.6 2
1294.5 2
674 2
671 2
535.039 2
379 2
1210.5 2
1305 2
1174.5 2
689.904 2
34,485 2
4378 2
567.279 2
65.000 2
514 2
567.108 2
3,8 2
10549 2
535.135 2
733.589 2
1859 2
733.979 2
1011 2
3,3 2
1851 2
567.333 2
567.169 2
566.865 2
567.121 2
567.26 2
690.045 2
535.283 2
567.12 2
566.995 2
567.491 2
3.3 2
8426 2
794 2
733.965 2
752.301 2
733.316 2
733.605 2
863 2
4800 2
567.117 2
2035 2
670 2
566.822 2
5052 1
21,702 1
10231 1
10-79 1
15.150 1
949 1
1-2-6-1 1
14.900 1
6-6-41 1
104356 1
1,0 1
ớ-ồ 1
6969 1
˜ 1
47859 1
122.000 1
2080 1
2997 1
4.20 1
02,736 1
10-20-48 1
40,349110 1
45000 1
12,10,8 1
1960-1972 1
50,100 1
065 1
1,600,000 1
505-242-770 1
24.5 1
‡ 1
837.9 1
85262 1
070 1
200,000,00 1
04-07-2006 1
376.009 1
6.500.000 1
489-674-2239 1
0883011 1
2.69 1
6.008.00 1
4,3,2,1 1
2005-2006 1
500.644.000 1
04,813 1
4.495.709 1
59,233 1
61.679.000 1
25-45 1
298.567 1
27.468.164 1
435.000 1
1.000.100 1
505.909 1
445.112 1
33,528 1
287.765 1
75.543 1
7,6,5 1
2201 1
1682 1
35,445 1
1693 1
54,107 1
372,22 1
1767 1
0.35 1
1884 1
7.6.5.4 1
˚ 1
š 1
5-1-5 1
51,940 1
5,1945 1
01,561 1
36.6 1
1.64 1
3,720 1
99,8 1
1760 1
43,347 1
1633 1
1641 1
6012 1
1667 1
2175 1
30.826 1
42,013 1
3-16 1
† 1
074 1
22,343 1
34,811 1
4,39 1
11169 1
18785 1
1.2.3.4.5.6 1
42,164 1
049 1
292.8 1
553.501 1
1683 1
543.901 1
316-2799 1
420.000 1
450.000 1
552.574 1
99,5 1
542.975 1
1339 1
72.27 1
92.3 1
51,808 1
54,476 1
552.897 1
2.200 1
8390 1
0130 1
39,14 1
78.6 1
2811 1
77,00 1
24.4.2010 1
04.08.2011 1
7400 1
1-11-2-9 1
6-8-0 1
080 1
143.000 1
4.782.000 1
025-2429 1
48823 1
48262 1
62129 1
3032 1
377068 1
3032-377-068 1
377-069 1
3268 1
2-0-1-0 1
޸ 1
ޫờ 1
1407 1
16-0-0-9 1
6650 1
6394 1
0108 1
0901 1
283.7 1
20,4 1
3-2-7 1
552.9 1
543.3 1
84,6 1
91,8 1
4-5-6 1
4-5-7 1
7-5-9 1
16.23 1
0718359 1
1704 1
52.000 1
552.544 1
13-6 1
11-17 1
13-17 1
1.327.000 1
8,7,6 1
4,5,6,7 1
58000 1
325000 1
267,000 1
542.945 1
554.079 1
幫我們簽名 1
可以幫我寫我的名字嗎 1
034285219 1
6200 1
3263827 1
1138 1
7.9 1
543.297 1
37,2 1
3993 1
3994 1
3995 1
3996 1
3997 1
3398 1
3999 1
4002 1
4003 1
35706 1
4004 1
2-0-3 1
0-1-0 1
1-1965 1
1-6-5 1
1.399 1
2,18 1
3.894 1
0383 1
025 1
6139 1
072 1
1,5,7 1
3-1969 1
15,207 1
1-1995 1
9-1993 1
1413 1
6655827542 1
2060 1
0.85 1
26-28 1
5296-3914-2226 1
51,105 1
53,306 1
5,000,000 1
1,000,000 1
1,843 1
14.50 1
17,5 1
1192-1200 1
6.33 1
3047 1
1-4-4-3-6 1
1.1428572 1
1.460.000 1
10-91 1
806 1
048 1
4126 1
39,135 1
42,373 1
4690126 1
2,3,4,5,6,7,8 1
4127 1
10.75 1
11,909 1
7-4 1
37,062 1
07,510 1
09,719 1
6.257.657 1
46,33 1
5,0667 1
77,3333 1
31,200 1
33,577 1
41,294 1
42,878 1
48,384 1
1127 1
51,011 1
1-2-8-8-4 1
56,601 1
70000 1
58,310 1
30,635 1
32,385 1
31,454 1
33,688 1
3092 1
3308 1
1-800-759 1
1-800-759-3000 1
23,75 1
38,351 1
4.344 1
1807 1
12-34 1
1.800.000 1
7922 1
7908 1
` 1
ආයුබෝවන් 1
ජය 1
වේවා 1
155,000 1
5,10 1
10-19-86 1
1.200.000 1
3015 1
3025 1
3026 1
22.216 1
1,2- 1
3,821 1
14-4-1912 1
5559323 1
2047 1
6-1993 1
35,553 1
2027 1
53,812 1
51,844 1
967 1
1402 1
5.426 1
4115273 1
1869 1
44,921 1
47,185 1
64-58-24 1
6-2 1
22.2 1
39.4 1
8128.78 1
2-1994 1
4144-5364 1
03,725 1
06,512 1
3.98 1
871 1
28,344 1
31,713 1
41-2 1
3831 1
12,726 1
14,250 1
5559175 1
38416 1
415-555-6421 1
26,190 1
400000 1
.5 1
1453 1
81941 1
4.12 1
306-00-3894 1
3288 1
7,8,9,10 1
718-555-4377 1
1303 1
27000 1
1856 1
51,000 1
53,720 1
-ở 1
14.441 1
377-31-8622 1
871324 1
1630 1
12,780 1
1.41 1
6246 1
10,263 1
16-1-2015 1
9-6 1
7100 1
4-4-0 1
21.3 1
35097 1
12919 1
5,4,3,2,1 1
5-3-2 1
76.40 1
1392 1
1403 1
破晓以后 1
212-555-0127 1
1264 1
94.6 1
174.52 1
5366286 1
3622 1
3,622 1
0,001 1
1099965 1
8859 1
31.01.2013- 1
13932 1
3679 1
1.75 1
4259 1
2220 1
2475 1
2156 1
7227 1
4808 1
3400 1
1701 1
9753 1
69.2 1
09,120 1
10,929 1
20,200 1
10-17 1
6,18 1
2-5-1-7 1
13,8 1
1599 1
13.8 1
13,5 1
31138 1
22.011 1
5,280 1
6502 1
14.56 1
2,130 1
2019 1
300000 1
1381 1
22000 1
785 1
1508 1
3148 1
3524 1
99.06 1
401-2-3 1
1952-2012 1
2900 1
9.28 1
1631 1
10-42 1
1338 1
.7-8 1
43.55 1
10-1 1
600-700 1
40.1326 1
123.9889 1
2033 1
6100 1
2,159 1
16-9 1
24.28 1
17-04-736212 1
1-1-0-0-6-1-7-8 1
25-4-2024 1
26-25 1
8.4 1
9.900 1
113111 1
527234 1
1884-1972 1
1945-1953 1
14,25 1
2090 1
7286 1
1.861 1
3.027 1
1688 1
02.08.1882 1
13.10.1889 1
4380 1
3.38 1
00-2 1
00-4 1
7884 1
1.440 1
2804 1
10675 1
1856-1924 1
11.30 1
1913-1921 1
3,4,5 1
2.8.1 1
3,950 1
898 1
15.4.72 1
470-8000 1
2525 1
1767-1845 1
1829-1837 1
202-251-6258 1
32.56 1
1680-1767 1
7143457 1
1537 1
5205 1
10.81 1
059 1
80.234 1
3000.3 1
0,75 1
1270 1
9.700 1
6-20-4 1
1517 1
206000 1
48650.1 1
40-44 1
39.1 1
254-41-834-5571 1
48632.4 1
9-1-2 1
4-9 1
5-6-7-8 1
6479 1
3-6-1 1
1-0-8 1
2-3-5 1
1168 1
34991 1
1442 1
1525 1
8.3 1
3-4-1-8-2 1
1,812 1
443.7 1
12,763 1
32,039 1
33,705 1
1.27 1
10-20 1
1721 1
0.112 1
43.6 1
3407 1
8.30 1
448.000 1
4,98 1
1,29 1
555-0199 1
43,613 1
＼ 1
≧ 1
▽ 1
≦ 1
／ 1
147,000 1
6404.5 1
77ø 1
8-3-7-1 1
2199 1
2819 1
3,452 1
4,58 1
5,23 1
053 1
8.50.000 1
3048 1
10-85 1
． 1
3-7 1
23.60 1
1914-1918 1
8640 1
5.000.000 1
60.00 1
3-5-1 1
1,47 1
1548 1
306003894 1
2.000.000 1
5-1865 1
2055 1
1989-1993 1
600.00 1
3.469 1
44.50177 1
67.71972 1
34-14 1
310-555-0199 1
10-29 1
81.652 1
9- 1
12,11,10 1
40.58 1
30.17,00 1
36.4 1
3-6.4 1
46.7 1
2999 1
1835,20 1
70946.12 1
3-2-0 1
7,98 1
55000 1
23.30 1
8.8 1
1869-1877 1
886 1
11,500 1
1,49 1
1-8-4 1
398,81 1
7.65 1
14.4 1
04,614 1
06,914 1
2,16 1
737.000 1
31,775 1
9999 1
9.975.000 1
43,634 1
24,988 1
5305 1
26,818 1
11,742 1
13,202 1
16-07-1969 1
26,969 1
29,389 1
48,574 1
51,494 1
23,635 1
34,025 1
2.35 1
3,50 1
24.12 1
15.500 1
893 1
895 1
9-800-10-600 1
22-50-12 1
61-11-11 1
19451 1
49.27 1
68,7 1
370,4 1
1594 1
1-5000 1
3-3-1 1
24. 1
1410 1
1-6-7 1
20,5 1
2-2-7. 1
2-9-8 1
9707 1
1549. 1
11,5 1
可以跟我們合照嗎 1
25.000.000 1
4-10-4 1
4-6800 1
1973-2005 1
175.000 1
8-5-3-5 1
25,545 1
34,271 1
21,4 1
0,0833 1
3-5-1-1-1 1
37.2 1
1-5-6-9-1 1
49.2 1
9155 1
33,5 1
4-5-8-7 1
39.6 1
10,1894 1
41.2 1
22-12 1
61.2 1
006 1
2230.06 1
2263.02 1
54.8 1
57.7 1
2-9-7-8 1
27,5 1
3606 1
232884 1
7348 1
1598 1
57.29 1
01.00 1
1770 1
367,000 1
21,3 1
20,3 1
36,271 1
35,499 1
37,379 1
02,826 1
5-5-8-3 1
3-5-5-8 1
06,656 1
39,710 1
41,590 1
3-5-8 1
878 1
8-25-12 1
3404 1
5-5-2006 1
11,50 1
02.40 1
2.42 1
46.8 1
3422347 1
7716 1
24.99 1
4,5-5 1
2,220 1
1015 1
51.6 1
5,930 1
5,931 1
38.8 1
1,379,560 1
275,000 1
110,000 1
12,748 1
020 1
1503 1
5400 1
8,8 1
6-7-4-2 1
830.000 1
10,850 1
1774 1
0405 1
1435 1
217,000 1
33.33 1
555-0183 1
3-1-1 1
1301 1
3-0-0 1
1-2-7 1
3-1-3 1
4-4-2 1
5-4-1 1
5.0 1
2302 1
4.8 1
6.9 1
6561 1
19683 1
.- 1
6.4 1
194,173 1
1-4-5 1
1807-1870 1
1821-1904 1
76.8 1
838 1
15.445 1
1322 1
2.600 1
39,224 1
8.185 1
3.400 1
41,424 1
12,556 1
14,356 1
1626 1
775 1
700000 1
1124 1
4382 1
3106 1
1882-1945 1
1933-1945 1
1842 1
11-1 1
1459 1
10-19 1
1858-19242 1
2237 1
5150 1
1822-1885 1
7.6 1
1855 1
38,081 1
40,214 1
73002222 1
109000 1
2091 1
51,792 1
53,407 1
2093 1
2089 1
30,583 1
32,289 1
22-23 1
46,833 1
48,915 1
2231970 1
50,250 1
52,161 1
22356 1
0.00000000003 1
3-9-0-4-2 1
94.1 1
23-16-11 1
13526 1
ứ-ừ 1
901 1
137,000 1
351,000 1
2.724 1
4,30,46,721 1
7-4-0 1
576.000 1
1897-1945 1
072099 1
14-7 1
3448 1
800-588-2300 1
1-5-9 1
27-14 1
53,24 1
40-26 1
13.28 1
816.32 1
1087 1
1742 1
20-17 1
2094 1
2,237 1
7,7 1
0-0-2 1
7.63 1
0800-8010-80 1
1795 1
.ở 1
1813 1
0,01 1
4242 1
1-4-7-7 1
17-8 1
3.49 1
好興奮喔 1
他們有來為什麼不先來跟我說說話呢 1
蕭嵐我愛你 1
837.333 1
5-5-5 1
555-2401 1
46,293 1
1098 1
927 1
-7 1
1093.5 1
555- 1
1083 1
922.5 1
1095 1
1090.5 1
4-6-6-7 1
4-7-6 1
51,929 1
48,552 1
49,95 1
4,900,000 1
062 1
036 1
2512 1
5-8 1
1809 1
174.50 1
786.832 1
739.332 1
630.832 1
578.832 1
875,000,000 1
980,000,000 1
1,000,000,000 1
970.000.000 1
30.000.000 1
2144 1
2343 1
0110111001101111 1
01100111 1
4862681 1
6854 1
1109 1
1-7-4.5-0 1
8006 1
.000.888 1
13437917 1
310-555-01 1
1228 1
2618 1
12.120 1
727.200 1
7479 1
0-0-1 1
0-0-0-1 1
472.833 1
524.832 1
.000.486 1
3793 1
39,999.95 1
1-0-5.2 1
3320 1
26,059 1
23,652 1
24,092 1
34,529 1
32,038 1
31,726 1
28,310 1
24,392 1
243.75 1
1046.808 1
226.5 1
1801 1
58,299 1
21,521 1
01,864 1
439.5 1
03,239 1
9.48 1
17,338 1
45,011 1
41,091 1
10,726 1
21,549 1
08,183 1
47,917 1
277.5 1
940,000,000 1
08,669 1
45,579 1
15.5 1
8-5-6-3 1
8454.1 1
05,057 1
8.900 1
07,815 1
25.332 1
38.666 1
353.334 1
439.833 1
284.001 1
286.251 1
12,288 1
0-6-5 1
10,650 1
41,557 1
2-6-0 1
42,599 1
2-1-4 1
05,164 1
07,457 1
37,660 1
35,950 1
881 1
55,297 1
52,033 1
1.450 1
45.50 1
30.50 1
269.50 1
射箭也可以 1
真的嗎 1
當然囉 1
你有功夫嘛 1
對喔 1
我有功夫喔 1
我差點都忘了 1
我還會游泳喔 1
光作代言人啊 1
就可以賺幾千萬了 1
乾杯 1
等賺到錢以後 1
我想至少可以拿十面金牌 1
還可以拍電影 1
做歌手 1
寫幾首好歌 1
賺翻了 1
我不會唱歌啊 1
有空帶你去太空旅行 1
太空 1
那邊沒有狗仔隊 1
狗仔隊 1
就這樣 1
我打球尋親的故事告一段落啦 1
四位師父一戰成名 1
跟王標校長的那段恩怨情仇 1
做明星 1
你們好像還沒看到啊 1
撐竿跳 1
標槍 1
很貴的 1
你不是跟你老爸去倫敦嗎 1
這裡比較適合我 1
傻瓜 1
為什麼 1
為了一個人 1
那個人半哄半騙讓我去打球 1
一心一意想讓我成名 1
當他的搖錢樹 1
我知道他不是壞人 1
他只是把他所有的希望放在我這裡 1
也改變了我 1
丟鉛球 1
我不可能離開他 1
一輩子都輸 1
在他人都不想做的時候 1
他碰到一個小鬼 1
這個小鬼讓他找回做人的樂趣 1
做人的尊嚴 1
我可以繼續留在你身邊打球嗎 1
還打球 1
當然沒用啦 1
參加奧運 1
我準備幫你報名 1
跳高 1
跳遠 1
你說的那個人天生是個倒霉鬼 1
834 1
原來你就是天下第一神拳啊 1
那都是很久很久以前的事了 1
1.000.000 1
3645 1
3771 1
4817 1
3671 1
4433 1
4703 1
27.850.000 1
1.839 1
555-0131 1
1.79 1
ử. 1
1666 1
00. 1
1424 1
12389 1
29.99 1
6769 1
2079 1
9527 1
17.3 1
09,837 1
500-600 1
0102434 1
1117 1
49436 1
9.11.2006 1
不不 1
ừ-ừ 1
94,70 1
我就是找這麼個機會 1
跟王標校長切磋切磋 1
要是我輸了 1
馬上就棄暗投明 1
這太容易了嘛 1
王校長 1
我己經發過誓 1
退出江湖 1
永不出手了啊 1
那咱們球場見 1
王標 1
你就是敬酒不吃吃罰酒 1
2000- 1
站住 1
我馬上成全他 1
好歹咱們也相識一場 1
下手輕一點 1
放心吧 1
我不會下重手的 1
我會下毒手 1
至於莉莉呢 1
她終於開口了 1
你什麼時候才要帶我去吃冰淇淋啊 1
200.00 1
8.042.783 1
1446 1
誰先過來受死 1
43,914 1
05,398 1
02,771 1
6-0-0-3 1
29,765 1
20,027 1
17,067 1
18,507 1
16,548 1
5.1 1
43,557 1
22,743 1
17,948 1
15,945 1
12,401 1
3-5-0 1
31,943 1
55,907 1
52,571 1
08,070 1
14,031 1
16,070 1
14,949 1
13,157 1
20,031 1
05,440 1
02,146 1
59,934 1
55,222 1
28,690 1
46,212 1
13,433 1
16,977 1
38,572 1
34,569 1
11,545 1
08,126 1
20,452 1
18,243 1
41,632 1
02,601 1
00,684 1
43,425 1
52,406 1
00,349 1
03,589 1
48,570 1
34,582 1
38,918 1
12,693 1
36,956 1
15,464 1
32,911 1
17,298 1
57,965 1
29,323 1
01,342 1
27,489 1
59,753 1
01,516 1
41,743 1
43,002 1
22,046 1
39,110 1
41,097 1
42,863 1
38,971 1
26,583 1
35,300 1
24,332 1
56,553 1
54,260 1
42,455 1
40,580 1
16,870 1
47,897 1
13,242 1
01,272 1
28,321 1
25,570 1
34,189 1
30,812 1
09,414 1
38,429 1
40,345 1
06,412 1
53,487 1
51,653 1
25,137 1
04,774 1
24,380 1
49,147 1
07,101 1
05,361 1
01,901 1
28,408 1
26,824 1
21,234 1
54,335 1
57,546 1
18,399 1
18,189 1
15,563 1
55,156 1
21,591 1
50,692 1
58,116 1
04,003 1
06,607 1
10,609 1
17,588 1
53,794 1
14,083 1
10,289 1
41,634 1
40,509 1
57,755 1
47,732 1
09,561 1
00,542 1
是02加幾滴82 1
44,078 1
24,064 1
1021.5 1
28,951 1
1015.5 1
32,704 1
38,669 1
41,921 1
10-7 1
0-3-2 1
1153.5 1
1150.5 1
555-0123 1
33,809 1
1018.5 1
46,301 1
1249.5 1
15,588 1
12,294 1
1278 1
1285.5 1
18,077 1
17,036 1
1302 1
15,264 1
13,180 1
10,134 1
1303.5 1
31,933 1
07,675 1
1051.5 1
8-4 1
50,471 1
48,679 1
34,247 1
31,787 1
11,975 1
08,597 1
40,944 1
38,275 1
55,445 1
51,651 1
37,771 1
34,727 1
8-3 1
21,717 1
08,182 1
51,521 1
47,602 1
23,885 1
970.5 1
21,014 1
16,636 1
12,636 1
11,136 1
979.5 1
11-10 1
1382 1
10,017 1
20,435 1
52,015 1
1288.5 1
567.254 1
26,859 1
51,676 1
48,716 1
20,172 1
22,256 1
53,701 1
27,656 1
48,906 1
29,615 1
34,891 1
49,202 1
25,025 1
46,867 1
17,532 1
15,156 1
41,329 1
4827 1
39,829 1
02,432 1
35,138 1
04,641 1
17,016 1
13,304 1
03,219 1
05,262 1
37,513 1
1306.5 1
13,425 1
16,803 1
49,263 1
32,579 1
30,786 1
人間強度 1
53,248 1
51,831 1
45,698 1
43,405 1
25,013 1
21,714 1
17,717 1
16,175 1
04,045 1
54,801 1
22,876 1
20,625 1
52,726 1
49,932 1
49,765 1
46,054 1
20,616 1
29,361 1
27,318 1
02,002 1
1229 1
1034 1
52,341 1
蕭嵐加油 1
錯 1
一個人喝酒啊 1
晚也是一刀 1
不差這兩天 1
讓你們喘口氣 1
老天爺給我面子我也沒辦法 1
不知道你倒霉還是我走運 1
542.624 1
再見啦 1
553.229 1
你一個下午都在發呆 1
在想什麼 1
沒有啊 1
我在想我爸媽 1
他們好像有來耶 1
你見到他們了 1
543.629 1
感覺啊 1
奇怪的是 1
43,472 1
553.461 1
還記得我嗎 1
543.861 1
還想來打架 1
虎哥 1
我今天不是來找你們打架的 1
前天那場比賽 1
552.224 1
早也是一刀 1
543.387 1
算你們走運啊 1
552.926 1
不好意思啊 1
半個月前你記不記得 1
只是我不想學你 1
用頭去撞籃板 1
你又能怎樣 1
隊長 1
還好吧 1
小心點 1
先扶他下去吧 1
這是一分鐘以前 1
你們對我朋友做的小動作 1
590.121 1
不是只有你記性好 1
但你們輸定了 1
543.325 1
換 1
換人 1
簽了合同的 1
552.987 1
協議書就是合同啊 1
當然不行啊 1
球賽都還沒打完嘛 1
各位觀眾 1
由於電力系統發生故障 1
今天的比賽必須暫停 1
你爽就好 1
停電是因為我把電箱給劈了 1
原來是你 1
但為什麼呢 1
阿傑的事就是咱們的事對不對嘛 1
590.092 1
590.077 1
只要不涉及違法 1
590.056 1
不道德的勾當 1
590.043 1
590.029 1
590.012 1
589.994 1
不管任何事情我本來就義不容辭的 1
589.983 1
阿傑是我們教出來的最好的徒弟了 1
589.961 1
你沒有聽他說嘛 1
589.952 1
義不容辭 1
什麼意思啊 1
你們也知道畢天豪收購了我們的學校 1
說實在的 1
這麼多年來 1
我們幾個伺候那個烏龜王八蛋王標 1
也實在是夠窩囊了 1
這份工作根本像是雞肋骨 1
如果關係到人命 1
雞骨頭也要啃 1
還不多謝師父 1
544.969 1
590.107 1
看能不能幫阿傑一個忙 1
590.231 1
不瞞你說 1
我跟畢天豪分家了 1
我一定要賭這口氣 1
590.247 1
590.25 1
590.236 1
這場比賽我賭你們贏 1
590.199 1
590.179 1
590.166 1
五百萬美金 1
打一場功夫籃球 1
你看我帶誰來了 1
我在電視上看見你 1
帥得很 1
590.146 1
怎麼都來了 1
你爹你娘都找到啦 1
找不到啊 1
打籃球尋親 1
這種噱頭也想得到 1
比連續劇還好看 1
590.123 1
現在報紙每天都有你 1
我說我是你師父人家還不信呢 1
590.154 1
554.57 1
543.336 1
552.936 1
方世傑萬歲 1
59,206 1
01,037 1
552.966 1
就是我 1
他啊 1
叫做李天 1
跟你一樣一開始球技很差 1
卻是個天才 1
對每個動作都過目不忘 1
很快的就成了隊上的主將 1
整個人就變了耶 1
方世傑今天生日快樂 1
決賽前一天 1
一路被我壓著打 1
很辛苦吧 1
其實你女朋友也跟我好過 1
決賽當天戰況非常激烈 1
但是哥哥卻有兩次罰球的機會 1
543.366 1
極品尤物啊 1
552.572 1
哥哥的情緒到了崩潰的邊緣 1
最後一球從投出去的那一剎那 1
決定關鍵的時刻 1
最可怕的敵人終於出現 1
他離開球隊 1
竟然是自己不斷發抖的一雙手 1
他不是一個人 1
方世傑一個人 1
哈囉 1
544.479 1
方世傑跳到球 1
把球直接拍給了蕭嵐 1
蕭嵐灌籃得分 1
552.756 1
打球尋親己經成為最熱門的話題 1
只可惜他就是不會灌籃 1
邊線球傳給方世傑 1
他出手了 1
這不可能 1
但是球進了 1
在這一刻他不是一個人在戰鬥 1
看到了沒有 1
神經病啊 1
方世傑拿到球 1
他甩開了防守的隊員 1
太帥了 1
蕭嵐的灌籃再次把氣氛推到了最高潮 1
方世傑灌籃 1
方世傑拿球 1
現場觀眾瘋狂的歡呼 1
不要給對手任何的機會 1
柯比 1
強森 1
在這一刻靈魂附體 1
543.156 1
但是為了個破獎牌呢 1
哥哥衝不過這個心理障礙 1
你放心 1
你的雞皮疙瘩落在我的四川火鍋麻辣 1
哈哈 1
我的快樂 1
你還婆婆媽媽 1
球場就是戰場打打殺殺 1
犯罪現場各個血氣方剛 1
鐵打的 1
你擋得了嗎 1
跟你玩真的 1
你行兒嗎 1
我為驕傲而打 1
我為痛快而打 1
有我快你就沖吧 1
543.342 1
你在勇士隊第二節灌進那一球 1
我學得像不像 1
下場同他們陪葬 1
夢想全死翹翹 1
怎樣 1
籃球生涯畫上句號 1
還在垂死掙扎 1
來幾次都給你最正確的解苔 1
有種的話儘管上場 1
我會讓你哭著回去找你媽媽 1
552.901 1
543.302 1
兩個禮拜前 1
只有靠喝酒來逃避 1
你過啊 1
我的求勝慾望就是那麼直接了當 1
我絕對不會讓李天太囂張 1
542.971 1
我擔心立叔會賣掉你耶 1
不會啦 1
怎麼會呢 1
立叔 1
2-5-7 1
動手的話 1
後天就不能比賽了 1
知道嗎 1
他們都搞不清楚 1
我怎麼可能賣掉我的夢呢 1
你切呀 1
552.942 1
殺雞取卵的事我是不會幹的 1
不過他開的價碼 1
還真誘人 1
拜託 1
爭氣一點 1
不要讓我後悔今天晚上的決定 1
我不會讓你失望的 1
我認得他們 1
全都是無賴 1
剛剛才在日本被罰了停賽 1
你看到我就怕 1
頭皮發麻 1
謝什麼謝 1
不值啊 1
唉呀連續劇要開始了 1
武林外傳 1
你學他簽名很像耶 1
你是誰啊 1
這字好熟喔 1
長得挺漂亮的 1
我好像在哪裡看過耶 1
當然啊 1
給你師父那封信 1
幹嘛 1
不開心啊 1
我不寫信你師父會來 1
你師父不來你怎麼會贏 1
你不贏的話 1
沒關係 1
怎麼會有今天 1
反正你早晚都會走 1
紅了就是這樣子 1
我見多了 1
我不能去尿尿嗎 1
我早知道你講義氣的 1
你知道嗎 1
第一次我見到你耳垂長這麼多肉 1
我就知道 1
重情義啊 1
請問方世傑是哪一位 1
王億萬 1
桃一套西裝 1
走了是吧 1
穿得那麼寒酸 1
不好意思 1
打球超帥的 1
裁判犯規就要吊銷執照 1
你們輸啦 1
火球隊獲勝 1
世間萬物都是由分子構成 1
再將分子重組 1
在短暫的瞬間可以凝成時空停頓 1
甚至逆轉時間 1
他不是投球 1
是傳球 1
到現在我才知道 1
原來籃球最爽的不是灌籃 1
要用回阿傑 1
筆沒水了 1
合什麼同啊 1
價錢再談吧 1
沒有空啊 1
要慶祝啊 1
就這樣啊 1
掛啦 1
哪有這麼現實的人 1
搞什麼東西嘛 1
那五百萬你不會忘了吧 1
誰要你下 1
你不要想給我耍賴 1
兒子在那邊 1
簽一個 1
協議書而己嘛 1
他是裁判 1
怎麼見你親生老爸 1
這應該很貴吧 1
方便以後相見的時候 1
有個信物 1
你為什麼要拋棄我 1
我當年生意失敗 1
被一幫債主天天追著要打我 1
為了安全 1
只有丟下我最親最愛的骨肉 1
免得受到牽連 1
你過來 1
過來讓我看看你 1
去啊 1
錢來了 1
我把彈珠留在你身邊 1
爸爸太對不起你了 1
你將會是我的接班人 1
我有好多話要跟你說 1
也有好多話要交代 1
跟我進書房 1
看你無精打采的 1
想阿傑怎麼不去找他呢 1
不同的世界了 1
他有他的新生活 1
新的朋友 1
影響人家的身份 1
你一天都沒吃東西了 1
我去幫你準備一些吃的 1
我打算明天帶你去倫敦 1
就這套 1
簡直是黑店 1
停遠一點不就沒事了 1
有多貴啊 1
不就是一件衣服 1
嚇死人了 1
兩萬六 1
算了 1
當我送給你 1
送我 1
算是最後一件禮物了 1
哎呀 1
今天你還是窮光蛋 1
明天你就是有錢人的少爺 1
有用不完的錢 1
這裡這麼貴 1
還需要人家送你禮物嗎 1
做人不能那麼天真啊 1
我一直把你當作搖錢樹而己 1
還有啊 1
這個世界上像我這麼貪心的人多的是 1
以後有了錢不要相信人家 1
聰明一點 1
快去試啊 1
好看嗎 1
當然好啊 1
那麼貴 1
我去試了 1
怎麼會停在這裡 1
你對我真好 1
92加94 1
你瘋了啊 1
全力防止蕭嵐 1
咱們等於是五個打一個 1
唉呀 1
我們改變初衷了 1
決定來淌一淌這渾水 1
他們都不是學生啊 1
沒資格參加比賽 1
我剛剛幫他們辦完轉學手續了 1
絕對符合資格 1
有那麼老的學生嗎 1
無極生太極 1
小帥哥 1
喲 1
兩個窩囊廢 1
還一身疙瘩肉呢 1
那個吹哨子的嘟嘟嘟 1
什麼裁判嘛 1
再也不讓我們上場啦 1
我正玩得高興 1
還沒過癮呢 1
就是說啊 1
我們把你叫到這兒來 1
是有樣東西要交給你 1
爸媽在電視裡看到了你 1
真的很慚愧 1
這麼多年來都沒有盡到做父母的責任 1
好好打球吧 1
坐下 1
我們會在觀眾肩上為你鼓掌的 1
兩個半殘廢 1
我 1
我是 1
沒空 1
管你什麼報 1
我就是沒空 1
我到底哪裡不好啊 1
你很好 1
是我不好 1
我心裡面己經不可能再有另外一個人 1
你在哭喔 1
不要哭啦 1
不要理我啦 1
怎麼可以不理你啊 1
我手機快沒電了 1
我是不是很討人厭 1
你就是 1
沒事 1
什麼啊 1
你真的要聽嗎 1
嗯 1
不能笑喔 1
因為我從小就喜歡吃冰淇淋 1
但是每次都吃不到 1
所以為了冰淇淋 1
我可以拼了命 1
你就像冰淇淋一樣 1
早知道不說了 1
不會啊 1
你有沒有搞錯啊 1
真的是他們嗎 1
這個呢 1
誰在水一方我撐起一把紙傘回頭望 1
啊這什麼地方 1
這什麼狀況 1
啦啦啦啦 1
悶了慌了倦了我就踩在你肩膀 1
沒事吧 1
最後一球 1
就交給你跟蕭嵐了 1
來來來 1
再撐一下 1
加把勁加把勁 1
加油加油 1
飛天飛敦煌 1
贏的啊 1
校長 1
你不是能跳嗎 1
你跳啊 1
你沒事吧 1
我打你七吋筋脈 1
讓你血液到不了你的腳掌 1
來不及使金鐘罩了吧 1
不怕 1
現在全世界都盯看他 1
就看你了 1
頂住啊 1
他己經跳不起來了 1
怎麼那麼賤啊你 1
阿立昨天晚上把這封信交給我們的 1
唱起秦腔 1
我清一清嗓 1
就是我們改變初衷的原國 1
不可能 1
你再怎麼算 1
也算不到我們的傷己經好了吧 1
我一腳踢飛一串串紅紅的葫蘆冰糖 1
我一拳打飛一幕幕的回憶散在月光 1
一截老老的老薑 1
一段舊舊的舊時光 1
我可以給你們一張簽名照拿去想像 1
我說啊 1
屏風就該遮冰霜 1
屋簷就該擋月光 1
清一清嗓 1
江湖就該開扇窗 1
紮下馬步我不搖晃 1
悶了慌了倦了我就穿上功夫裝 1
我不賣豆腐 1
我在武功學校裡學的那叫功夫 1
你就像豆腐 1
吹彈可破的肌膚在試練我功夫 1
我稍微伸展拳腳 1
你就滾到邊疆 1
迴旋踢太用力 1
畫面就變的很荒涼 1
落花配對配夕陽 1
翻山越嶺渡過江 1
平劇就該耍花槍 1
2277 1
14,004 1
42850 1
40,100 1
38,800 1
37,900 1
35,800 1
31,000 1
46,044 1
41,573 1
10.2 1
136890 1
1869-1903 1
4-4 1
3113 1
27-30 1
0-7 1
44-76 1
72. 1
ễ 1
19,747 1
6024 1
1028 1
206.25 1
616-2468 1
37509 1
4-26 1
2-0-1 1
7-1 1
000-7-1 1
2038 1
7-0-2 1
6-5-0 1
4-9-6-5-6-9 1
4-5-7-2 1
9-3-3-0-1 1
125.000 1
94022 1
552-12 1
9-6-2-5-0-7 1
56844.9 1
17,707 1
41,249 1
00,003 1
58,342 1
05,808 1
03,340 1
07,595 1
05,229 1
05,476 1
33,416 1
03,349 1
46,919 1
204.226 1
10,10 1
7.28 1
58,639 1
352,000 1
0.13 1
48,181 1
43,888 1
37,284 1
18,704 1
90-30 1
9-3 1
3929 1
1.87 1
2106 1
901354982 1
0-6-35 1
13,835 1
1993-1999 1
1967-1997 1
1990-1996 1
1998-2002 1
1991-2004 1
10.800 1
20.09.2005 1
40. 1
1993-1994 1
12.737 1
40,180 1
3.003 1
6-87-160 1
12400 1
66.500 1
34890 1
850-3943 1
15-28 1
 1
0,05 1
613,0000,0000,0000 1
24.36,1 1
 1
809 1
10,939 1
14,708 1
10-95 1
ồ̉ 1
27.35 1
93,4 1
0,58 1
454-9554 1
05,873 1
3.267 1
27,000 1
1,743 1
9,8,7,6 1
4241 1
5557219 1
714-454-9346 1
14-0 1
 1
7,1 1
106.4754 1
2.63 1
959 1
6-4-4 1
6086 1
î 1
42,680 1
3001 1
49.50 1
9-6-5 1
0-3-1 1
44,503 1
42,546 1
175,000 1
59,974 1
57,057 1
56,722 1
7892 1
225.000 1
4160 1
7906 1
2095 1
38,170 1
36,430 1
34,510 1
540.000 1
1450 1
01,557 1
21,008 1
3.85 1
12.75 1
1,137 1
13.95 1
0252 1
12-1-1917 1
1972-1974 1
18,744 1
170,000 1
20. 1
2791 1
42.7 1
9-0-4 1
20,540 1
14,806 1
11511200 1
5075 1
.30-30 1
3-5-9 1
2-1-7 1
20.30,40 1
1765 1
6.1 1
14267 1
ừ.ở 1
28,35 1
32,448 1
12,243 1
24,240 1
1-5-2-8 1
4-9-1-2-0-8 1
10-5 1
44,3 1
42,092 1
02,069 1
00,303 1
20,705 1
600,00 1
4,345 1
49,395 1
505-177-8987 1
67.4 1
0.6743 1
21.5 1
10- 1
1557 1
31,016 1
5590 1
555-0100 1
20-25 1
271166-1883 1
1,249 1
322,392 1
202-555-0163 1
08. 1
9488 1
50-70 1
1212-654 1
42,912 1
38,616 1
18,5 1
49-19 1
6-0-2-8 1
28500 1
25,360 1
1425 1
6.09600 1
16,17 1
040 1
26,959 1
1213 1
6510 1
2,800 1
215,000 1
00,827 1
00170455 1
3-5-2 1
40,111 1
17-4-2009 1
5423 1
36,616 1
41,920 1
34,575 1
33,032 1
1256 1
353.20 1
8-0-0-0 1
5185 1
1.555 1
55,13 1
14,95 1
21,99 1
50,330 1
57,391 1
55,973 1
43,359 1
551,3 1
1090 1
10-90 1
74.58 1
56,918 1
00,181 1
01,481 1
01,483 1
02,782 1
51,764 1
53,364 1
55,419 1
33,372 1
44,215 1
45,848 1
04,318 1
00,050 1
59,190 1
09,187 1
45,425 1
35,805 1
7.4 1
54,057 1
52,356 1
72.800 1
1549090 1
2870 1
39.99 1
3,438,532,321 1
0001 1
3,972,998,000,000 1
52,358 1
.004 1
1398 1
411-8117 1
7592 1
1705 1
12,119 1
13,618 1
49,522 1
8-50 1
22,066 1
19,208 1
4-3-2-1-6 1
85-72 1
5003 1
5.57 1
30- 1
6400 1
3655 1
25598 1
433.000 1
15,450 1
。 1
ʝσɧη01112000 1
17,117 1
12,539 1
14,372 1
6-1-0 1
800-555-0199 1
0906068722 1
8.48 1
55,402 1
56,464 1
1724 1
1605 1
0.25 1
96.2 1
3-94 1
2026 1
ờờ 1
859 1
99.2 1
53,299 1
54,466 1
15-15 1
213-555 1
9,600 1
3-4-9. 1
19,346 1
17,219 1
07,932 1
03,327 1
57,931 1
59,133 1
15-0 1
28,251 1
41,8 1
9.960 1
10.25 1
2.32 1
1321 1
3-42 1
10.85 1
505-127-5223 1
47-8-13 1
1,555,999 1
やくざ 1
10-7723 1
1476 1
5-2-9-4-4-0 1
15.9 1
2.08 1
125793 1
12,50 1
36,260 1
4-4-1 1
04,530 1
03,060 1
6547 1
16,640 1
1,040 1
4,75 1
1183 1
22,498 1
20,622 1
44,929 1
41,927 1
19,211 1
16,417 1
3,4,5,6,7 1
0936 1
37,560 1
10,394 1
02,967 1
35.50 1
32.50 1
0500 1
29,32 1
25,7 1
32,6 1
2627 1
3.30 1
13.400 1
1,74 1
8-4-5-4-4-7-3 1
8419 1
2633 1
1488 1
1782 1
41,938 1
8.700 1
08,403 1
82.400 1
43,400 1
01,409 1
6496 1
28845132 1
845132 1
5021 1
160-49 1
23.75 1
39,940 1
2765 1
2206 1
703-555-0187 1
1201 1
51.000 1
3-4-2-0-0-9 1
3-4-2-0-1 1
3-4-2-0-0-8 1
2418 1
40,346 1
1350 1
2.010 1
2436 1
2346 1
8-0-0 1
215.125 1
29.8 1
6,743 1
48.8 1
3446 1
2134 1
35,200 1
00,900 1
59,300 1
500- 1
2267 1
1417 1
7-3-4-4-2-5-6-4-3-6-7 1
38,700 1
6-3-9-6-4-1 1
1307 1
555-7556 1
19,015 1
14,060 1
11,085 1
58,133 1
55,398 1
19.02.1944 1
3725 1
0.005 1
43,1 1
90-95 1
16781 1
96.23 1
56437 1
835687 1
7782 1
3.1 1
40,8 1
31.8066667 1
1162 1
25,5 1
817 1
7-82 1
5557 1
100.000. 1
50- 1
2428 1
10,740,925 1
59,633 1
133-809 1
5,300 1
537,000 1
13.64 1
72.93 1
888,000.00 1
4201 1
2998 1
0462 1
1406 1
03,000 1
48.000 1
1.86 1
19.79 1
22,896 1
6028 1
3235550129 1
1.850 1
29.035 1
44.500 1
1.578 1
7,9 1
9,4 1
8,5 1
2779 1
21-12-2012 1
640.000 1
4.650 1
8,2 1
137.000 1
107.000 1
11.7 1
38,868 1
1114 1
10-520 1
94,7 1
127.80 1
999.999 1
13-15 1
39,911 1
57-61 1
1,842 1
10-41 1
¸ 1
6971 1
39-39 1
10-545 1
75-49 1
33.3 1
00,512 1
00,606 1
20,222 1
47,270 1
44,400 1
21,670 1
19,240 1
57,590 1
52,520 1
17. 1
02,441 1
10-32 1
8200 1
2257 1
20-0 1
2560 1
14,227 1
11,308 1
23,725 1
4921 1
30,160 1
59,022 1
20,325 1
12.8 1
1.087.310 1
1582 1
1.250 1
6.500 1
105-353 1
1950-1951 1
12.4 1
1951-1952 1
890 1
988792 1
338-3434 1
82,5 1
64.000 1
1390 1
01,693 1
251.65 1
21,383 1
13-10-2009 1
2567 1
9.937.551 1
91-89 1
7-6-7-5 1
43.700 1
3.800.000 1
91.000 1
52,458 1
4.660 1
49,462 1
1668 1
195. 1
99600 1
3972 1
1-7 1
1-4-7 1
2552. 1
1759 1
33,030 1
58,200 1
00,190 1
772 1
36,200 1
33,640 1
36,792 1
33,800 1
00,351 1
57,200 1
56,120 1
56,594 1
45,997 1
42,800 1
19,559 1
15,600 1
23,715 1
10,639 1
06,600 1
52,760 1
41,234 1
57,155 1
49,640 1
34,5 1
39,5 1
36,272 1
34,680 1
54,038 1
51,080 1
31,232 1
787 1
28,160 1
53,034 1
49,200 1
09,118 1
07,400 1
23,435 1
18,680 1
50,959 1
1139 1
38,720 1
11,318 1
09,680 1
47,190 1
44,760 1
22,630 1
20,520 1
43,430 1
42,120 1
17,470 1
54,920 1
04,590 1
59,870 1
54,160 1
16,830 1
12,680 1
16,950 1
13,760 1
43,950 1
02,600 1
56,140 1
48,840 1
50,310 1
09,551 1
07,560 1
14,796 1
11,440 1
37,553 1
36,120 1
23,150 1
13,996 1
12,040 1
06,430 1
03,440 1
48,860 1
46,480 1
33,590 1
30,120 1
57,220 1
56,000 1
59,057 1
20,980 1
10,125 1
12,060 1
4-9-3-1 1
7-3-4-7 1
9.720.000 1
330-20 1
43,000 1
2014.2.3 1
54,322 1
4-3-1-9 1
55,988 1
1054 1
25,548 1
23,045 1
1983-2011 1
914.000 1
24,050 1
9,900 1
40.320 1
25,683 1
0-7-7-4 1
7-4-4 1
4-7-7 1
2-6-5 1
1-10-5-6 1
56. 1
320,000 1
7-4-6-3 1
7-7 1
7-3-4-1 1
6-6-8-9 1
4-4-3-1-7-8-7-0 1
0-1-6-6 1
6-9-0-1-0 1
8-1-7 1
4-5-5 1
0-7-3 1
7-5-7-5 1
8-8-2-8-4-5-7-7 1
5-3-6 1
32,747 1
21,557 1
20,379 1
1692 1
35,970 1
2,179,245 1
03730-5800 1
21,679 1
2.179.245 1
11-27-74 1
46,756 1
13350 1
64762 1
25,117 1
27,551 1
40,632 1
74,5 1
1.366 1
41,792 1
30,789 1
4-9-8-0-0 1
8700 1
0530 1
03,914 1
58,914 1
781 1
25,288 1
23,373 1
23,156 1
3-1-4-5 1
25,794 1
1586 1
6120 1
1327 1
3. 1
2,3,4,5 1
31,331 1
33,699 1
27,661 1
42,098 1
089687 1
540333 1
57,442 1
58,607 1
16,160 1
17,726 1
17,728 1
4.999 1
110-21 1
28.000 1
2-5-20 1
1-1-13 1
5,56 1
3,1 1
6300 1
17,228 1
15,560 1
55,814 1
19,260 1
54,229 1
51,834 1
38,521 1
1.31 1
44,937 1
7.7 1
46,537 1
56,182 1
57,815 1
10-26 1
49,434 1
11,097 1
13,163 1
12.300.000 1
17,002 1
129.420 1
8625 1
18,368 1
37,122 1
18249 1
58- 1
58,697 1
05,310 1
02,053 1
08,041 1
06,122 1
43,850 1
41,348 1
44,481 1
39,726 1
04,055 1
13,391 1
04,924 1
02,005 1
650,000 1
06,273 1
06,275 1
2077 1
09,209 1
10,930 1
08,688 1
04,006 1
44,441 1
874 1
1,848 1
30,286 1
27,867 1
03,878 1
02,085 1
12,035 1
41,813 1
10,992 1
51,598 1
43,586 1
07,495 1
05,660 1
45,086 1
19,893 1
18,141 1
53,683 1
49,723 1
妇联追求 1
寡妇待遇 1
1976-2002 1
1178 1
22-6-1938 1
1981-2002 1
1-1-1908 1
17-2-1937 1
16-6-1929 1
1651 1
12.01 1
104.6 1
38-13 1
1563 1
93009 1
22.50 1
791,000 1
3105 1
24.689 1
6001 1
1975-2002 1
620-564 1
1-24 1
72.084 1
9-14 1
1,375 1
8-2-7-3-5-1-2-3-5 1
46,320 1
92,000 1
1973-2002 1
80000 1
0507 1
0247 1
18,670 1
1723 1
01710453340 1
3579 1
‎ 1
3648 1
004-82-56-882 1
186. 1
401.5 1
71,291 1
18250 1
18200 1
18400 1
18100 1
18500 1
19000 1
49,50 1
703-1 1
26- 1
718-555-0199 1
43-1-11 1
22,216 1
6.00 1
9-18 1
91,000 1
20500 1
56-17 1
3247 1
49,2 1
17.32 1
5-6-2014 1
13-3-1991 1
5-1-7 1
1853 1
19,467,000 1
62,5 1
12.107 1
39,616 1
46,034 1
44,699 1
22,052 1
20,884 1
4.2 1
24,000 1
15.6 1
37,989 1
187.50 1
99,997 1
.500 1
337,4 1
24,26 1
01,24 1
5926-9 1
8141.6 1
1-5-3,4 1
16309 1
2380 1
8130.4 1
3-1-6 1
8130.3 1
90.5 1
40,930 1
39,419 1
1.90 1
20,000,000 1
22,83 1
6377 1
7419 1
24,3 1
小姐心态 1
51,357 1
42,282 1
40,792 1
1217 1
19,334 1
39,9 1
09,006 1
44,1 1
0.01 1
797 1
53,935 1
55,902 1
3-11 1
08,006 1
78,3 1
23,403 1
5734 1
7181 1
80-20 1
3-5-5 1
87654321 1
8-4-1 1
1,5-2 1
9,200 1
899 1
44,498 1
9009 1
2334436 1
06,054 1
30-06 1
08,037 1
31,600 1
1647 1
01,110 1
07,580 1
49.99 1
9,10 1
1-304-132-0198 1
4-3-7 1
120º 1
1769 1
36000 1
1313 1
1741 1
29491 1
95.45.265.284 1
8.041 1
16,400 1
50664 1
19,34 1
74,6 1
960.000 1
46,759,131 1
ờ. 1
63,43 1
3,45 1
8-5-6 1
95.000 1
9-2-5 1
ỵ 1
10880 1
1864 1
30-30-175-12 1
33.000 1
430.000 1
28,7 1
36,5 1
90265 1
86,25 1
0623 1
18-19 1
43,5 1
1522 1
1395 1
766 1
764 1
2146 1
763 1
2.204,6 1
14-14-6 1
2240 1
1542 1
584-5923 1
0,6000 1
0,1000 1
10,10,190,230,100,400 1
58,014 1
20,304 1
54,721 1
2598 1
3517 1
37.243 1
59,614 1
10,9,8 1
91.6 1
10-21 1
52,552 1
1-2-3-4-5-6 1
22,236 1
757 1
17,291 1
688 1
18,791 1
683 1
6,25 1
679 1
677 1
17,289 1
676 1
10-33 1
668 1
667 1
1858-1903 1
662 1
661 1
658 1
673 1
761 1
14,721 1
20,926 1
755 1
22,238 1
746 1
25,640 1
740 1
38,754 1
39,753 1
896 1
54,169 1
49,874 1
52,340 1
821 1
716 1
13,455 1
14,920 1
19,894 1
55,769 1
656 1
1847 1
10-12.000 1
638800 1
031-643-1573 1
638.800 1
51,565 1
3724 1
23,431 1
07957-452 1
1700000 1
957. 1
26,098 1
07700 1
09,509 1
2,223,000 1
10-78 1
1078 1
4848 1
900557 1
4.400 1
35.9 1
14,97 1
1021 1
2460 1
14-3-1879 1
2342 1
.32 1
1.250.000 1
212-555-0180 1
8.39 1
544616 1
99,7 1
17-20 1
6.23 1
4.24 1
8921 1
6-4 1
0930 1
4.752.870 1
42,931 1
11,075 1
2896 1
02,272 1
58,136 1
01,493 1
59,458 1
51,081 1
49,714 1
38,477 1
24,372 1
36,309 1
56,221 1
1003 1
58,221 1
250. 1
10-53 1
41,499 1
3-400 1
1006 1
17458 1
26,973 1
31,342 1
307604 1
3,99 1
103,7 1
8123 1
5591 1
10.00 1
5101 1
28,907 1
37512 1
2-6-3-7 1
1917-19963 1
4857 1
42,468 1
39,465 1
46,987 1
44,886 1
2650 1
649 1
160,000 1
51779 1
04,387 1
16,884 1
19,317 1
04,964 1
06,730 1
13,405 1
15,371 1
00,852 1
262 1
11,560 1
11,562 1
13,762 1
08,684 1
10,283 1
27,001 1
32,909 1
07,890 1
35,109 1
56,979 1
70,00 1
389 1
50,920 1
57,485 1
1081 1
18,360 1
358 1
20,966 1
55,447 1
0.035 1
24-31 1
28957 1
334 1
15-48 1
2013. 1
100,00 1
1,1,1 1
0.32 1
955 1
57,558 1
39,598 1
28,831 1
82,000 1
281,477 1
70,562 1
144,579,651 1
31,031 1
⊸ 1
3609 1
7.0 1
10,50 1
24,985 1
27,753 1
4670 1
42,6 1
6030 1
48,432 1
44,2 1
00,459 1
45,654 1
42,887 1
41,365 1
55,781 1
56,847 1
30,681 1
33,883 1
04,714 1
06,213 1
2-9-9 1
43,669 1
32,619 1
09,220 1
11,053 1
41,251 1
1.2-1.9 1
42,885 1
23-7 1
46,235 1
44,260 1
41,440 1
445,349,722 1
574 1
1-20 1
572 1
98721018 1
10-16 1
565 1
23-69 1
575 1
563 1
548 1
04,526 1
06,047 1
541 1
08,964 1
11,443 1
11,478 1
554 1
523 1
577 1
95.030.990 1
641 1
ở-- 1
1702 1
629 1
100-200 1
23.10 1
5,50 1
581 1
1.600.000 1
607 1
♀ 1
1534 1
4100 1
1205 1
587 1
583 1
608 1
15,420 1
29,033 1
31,433 1
12,181 1
30,041 1
25,798 1
27,898 1
854 1
38,618 1
40,383 1
08,779 1
25,263 1
9214 1
773 1
5300 1
5027 1
1-3-3-4-5 1
0121 1
4713 1
28,297 1
54,426 1
49,056 1
23,696 1
10.233 1
52,413 1
55,914 1
16,215 1
17,068 1
42,761 1
45,662 1
16,140 1
493 1
17,974 1
49,140 1
52,441 1
484 1
481 1
09,391 1
11,258 1
22,131 1
50,366 1
4.1 1
31,348 1
05,297 1
0818 1
096 1
13.3 1
57,1 1
97.8 1
200.000.000 1
δ 1
7645 1
78,000 1
11-11 1
11-7 1
11-3 1
6-5 1
0-5 1
.158 1
.625 1
260,000 1
285,000 1
12,692 1
23-29 1
8356 1
1538 1
72,4 1
102.5 1
7,200 1
4-8 1
503-4455 1
15,627 1
829,000 1
149.50 1
52000 1
6,300 1
621,552.33 1
7,25 1
35-40 1
3758 1
79,000 1
4234 1
1.092 1
.324 1
24719 1
4399 1
3714 1
9.00 1
7.503 1
1238 1
1.776 1
2813 1
1.775 1
1.761 1
1.751 1
1.722 1
1.416 1
1.020 1
4.320.000 1
1.080.000 1
1.774 1
.291 1
18,600 1
32,000 1
.477 1
237,000 1
7,75 1
8-7-3-3-6 1
8-2-5-7-7-3 1
8-2-5-7-6 1
0801 1
4811 1
0403 1
1189 1
1826 1
1-4-2-5-0 1
2258 1
001-508-146-2595 1
1278340102 1
1,872 1
1.63 1
750.000 1
2028 1
92.7 1
3,78 1
906.000 1
724.000 1
1802 1
16-304 1
16-804 1
16-102 1
8003 1
1,550 1
74-78 1
82-110 1
.850 1
.575 1
ͳ 1
⊲ 1
44-55 1
1755 1
70-80 1
29.650 1
7.973.000 1
94. 1
3,0,0 1
8-1 1
4-0-9-9 1
20,460 1
6753 1
2.973 1
6.950 1
7,67 1
192.000 1
12,015 1
08,579 1
3.19 1
8141921 1
7.79 1
54-32 1
.486 1
2036 1
38.64 1
1-4-8-9-2 1
92,5 1
25-0 1
113-3 1
67.000 1
1777 1
4-3-2-1 1
1690 1
98,5 1
7-1804 1
2057 1
37-1 1
805 1
87,7 1
7695 1
9-5 1
05.05 1
4572 1
1.36 1
73,2 1
72,8 1
0-4-9-8-3 1
15.4 1
79.4 1
0.96 1
24.3 1
1140 1
2104 1
0,63 1
10-7-1804 1
9305-05 1
0,26 1
0,34 1
3,25 1
6600 1
113-113 1
31-0 1
11111 1
1778 1
5434 1
885-342 1
15-1-1905 1
38,5 1
3888 1
6780 1
24-8-2001 1
20,289 1
18,958 1
788 1
0,3 1
9.30 1
8011 1
5295.52 1
1.10 1
11,283.84 1
525.87 1
13,412 1
125.7 1
13,876 1
1636 1
956 1
30.22 1
9529.1 1
1-58 1
9522.6 1
3-2-3.75 1
9521.6 1
2-4-7-5 1
2003- 1
2-5-7-4 1
19.000 1
6.47 1
6.81 1
34.4 1
1,328,334 1
988 1
525.000 1
40-40 1
40.99 1
11,421.89 1
45,950 1
18-7-1992 1
2242 1
922 1
1199 1
98495 1
5-4-5 1
3-2-1 1
13.500 1
2701 1
19,6 1
618,429 1
2.40 1
34.05 1
118.30 1
134.58 1
3.600 1
5.3 1
86,000 1
8-25 1
1,88 1
41,510 1
167,000 1
647.70 1
78.000 1
547,433 1
77,501 1
265.000 1
7603.12 1
15,236 1
54,557 1
551,414.53 1
551,414 1
625,761 1
74,316 1
1.88 1
618,127 1
13,660 1
11-80 1
10-54 1
3-1-0-9 1
325.000 1
767 1
9224-4930-754229 1
2.02 1
80665 1
47-46 1
48-46 1
1944-1945 1
47-48 1
40,21 1
40,3 1
40,23 1
15,000- 1
7.8 1
25-39 1
93,9 1
105.5 1
41500 1
『 1
08-2011 1
5-5 1
1-5-6-8-7-0-9 1
8-7-4-2-7-3-9-9-3 1
8-7-6-6-6-2-3-5-4 1
1-5-6-5-0-9-3-8-6 1
53,388 1
50,186 1
』 1
49,329 1
2073 1
1676 1
3319 1
17,9348 1
1337 1
1332 1
1235 1
45,092 1
0908089596 1
8652 1
6-9-0-6 1
1,68 1
1,740 1
5-1-0 1
3-1-7 1
3-2-9 1
5-0-4 1
7414.1 1
357,000 1
0.9 1
499,500 1
7412.6 1
53.4 1
7411.4 1
12-25 1
9003 1
28527 1
7413.4 1
5-4-8-1-7 1
140-160 1
32,603 1
1927-1965 1
7-3-4 1
2800 1
1623 1
56-50 1
3- 1
601-555-2895 1
17937 1
4311 1
35,00 1
7561 1
30. 1
3,300 1
40.00 1
5.600 1
94.600 1
34,687 1
42,600 1
告白 1
46,880 1
1648 1
52,711 1
1779 1
11-10-75 1
眔 1
375000 1
15.000-10.000 1
1708 1
55,129 1
62.581,43 1
.9 1
555-0122 1
2,270 1
4.26 1
28,164 1
1126 1
105.000 1
.8 1
97.000 1
1637 1
1655 1
17,813 1
57,218 1
53,760 1
2101 1
1788 1
6-4-6 1
2-3-1-1-6- 1
13.7 1
ồ-ồ 1
911.000 1
2.193 1
5.621 1
5.945 1
91.100 1
3.635 1
1781 1
2356 1
21,249 1
22,087 1
29,299 1
06,320 1
03,200 1
2263 1
34,040 1
31,550 1
2252 1
56,520 1
2269 1
55,690 1
39,980 1
38,670 1
2214 1
30,200 1
28,730 1
2151 1
05,690 1
2243 1
20,893 1
27,090 1
59,380 1
27,536 1
49,392 1
47,697 1
703412 1
10-12-1965 1
4088 1
9005 1
28,960 1
932 1
0,111958 1
99,888042 1
0,04 1
0,00004 1
99,25 1
29297 1
03,760 1
77119 1
03,770 1
3731 1
28,692 1
46.400 1
2-8-1985 1
15-1 1
27-4-1976 1
1559 1
8.095 1
31-1382 1
38.376 1
1722 1
775.000 1
29.4 1
38.3 1
7565 1
851 1
10.99 1
26,219 1
1832 1
02,653 1
1.234 1
2.130 1
9024 1
7543 1
20.003 1
19-18 1
59.95 1
32-17-25 1
0,000 1
5.359.262 1
ứ. 1
20.160 1
12-8-1962 1
86.500 1
5-1-1965 1
4-5-4-5 1
2304 1
15192304 1
1.209.600 1
27,316 1
01,236 1
20,529 1
24-7 1
20-11 1
20-10 1
1,182 1
2,880 1
2424 1
1727 1
.23 1
18,664 1
16,172 1
12,753 1
09,898 1
50,628 1
34.95 1
25,512 1
22,092 1
17,122 1
22,363 1
1719 1
4-15-71 1
24,662 1
22,995 1
14,198 1
10,654 1
23,908 1
20,948 1
15,712 1
760.000 1
12,961 1
15,695 1
54,965 1
52,547 1
08,252 1
05,458 1
1772 1
9670 1
20,699 1
35,840 1
35,940 1
34,430 1
1590 1
7.649 1
1042.68 1
69.99 1
285.99 1
589.99 1
49.95 1
15,58 1
66,7 1
255,642 1
4221 1
8800 1
66215 1
1219 1
12333 1
60-70 1
2110 1
782021 1
8500 1
1960-1970 1
24,787 1
11,740 1
10,079 1
3.60 1
16,575 1
15,313 1
2.15 1
.28 1
22,5 1
59,281 1
42,109 1
39,921 1
44.000 1
65.625 1
52.500 1
0,53 1
02,401 1
28,450 1
10.001 1
7-9 1
555-0194 1
1328 1
8.1944 1
65-75 1
02.06.1944 1
01.06.1944 1
31.05.1944 1
6,705 1
30.05.1944 1
29.05.1944 1
28.05.1944 1
27.05.1944 1
15-8-1945 1
140000 1
26,283 1
1587 1
14.10.1941 1
31-38 1
΄ 1
0199 1
47,970 1
46,590 1
22.59 1
17.30 1
08.00 1
1.16 1
18-35 1
2509 1
1748 1
4-11 1
818-555-0189 1
16,000,000 1
5,2 1
5719 1
5,200 1
54.12.3 1
4,200 1
5. 1
1694 1
30,504 1
01,680 1
57,460 1
977 1
57,130 1
52,830 1
976 1
31,680 1
979 1
28,320 1
24,820 1
52,470 1
49,570 1
12,220 1
08,300 1
28,290 1
27,340 1
27,720 1
22,750 1
05,860 1
18,780 1
05,600 1
04,170 1
05,180 1
03,860 1
1449 1
59,500 1
57,580 1
07,300 1
1438 1
00,860 1
1103 1
47,470 1
43,770 1
36,410 1
1016 1
24,470 1
04,14 1
20,830 1
34,370 1
31,370 1
947 1
03,189 1
01,414 1
07,072 1
06,040 1
26,015 1
25,016 1
973 1
56,5 1
ồ.ồ 1
3,647,035.59 1
20.42 1
2717 1
450938 1
64982 1
32,665 1
10.52 1
56240.19 1
23,780 1
26,263 1
27,660 1
25,010 1
38,470 1
36,980 1
53,520 1
51,950 1
18,190 1
15,980 1
47,880 1
46,580 1
33,080 1
31,780 1
2123 1
4-1-9-1-0 1
3100 1
26,676 1
24,651 1
47,720 1
33,482 1
11,12 1
59,928 1
6,5,4,6,3 1
16502 1
21153 1
2-5-0 1
5978 1
3.1415 1
11,540 1
1195 1
08,420 1
617. 1
314. 1
11,630 1
07,820 1
987,000 1
0.08 1
96.59 1
312-346 1
6368 1
10-22 1
10-11 1
1108 1
4475 1
1,50 1
118.000 1
7-3-1-7 1
1,760 1
.648 1
1031 1
.732 1
11-18.1 1
6.841 1
198.36 1
2254 1
0476 1
5663 1
73818 1
24.41 1
726256 1
ηả 1
95,6 1
48,000 1
24,500.68 1
1.940 1
1.939 1
1292 1
600.000-350.000 1
1828 1
99.999999 1
1746 1
12077 1
401.000 1
060 1
ở̀ 1
88,45 1
2-3-7-8 1
2-3-6-7 1
9-1-0-9 1
95,7 1
952 1
04,613 1
95,5 1
η 1
7.06 1
1764.3 1
2-7-1968 1
7-8-1966 1
117000 1
03,180 1
6,666 1
1,79 1
1977-1978 1
1977-1979 1
30,363,896 1
1706 1
9930 1
617.617 1
83,9 1
64749,7 1
397492 1
91-73 1
17,2 1
33.1 1
4.30 1
1019-428 1
2,6 1
79,7 1
18,25 1
17,3 1
850,000 1
216-555-0145 1
....................................... 1
...................................... 1
212.683.550 1
......................................... 1
................................... 1
............................................. 1
3.000.000 1
.................................... 1
65-70 1
20-21 1
2.30 1
528-491 1
30-70 1
2.295 1
0-3-0 1
149-4985 1
1.72 1
2.300 1
5.500 1
5776 1
5826 1
6,7 1
μẹ 1
1106 1
0.05 1
3-57 1
15.207 1
4-3-3-7 1
1501 1
3-1950 1
67253725 1
89.91 1
32,639.91 1
12,639.91 1
37135 1
03815 1
2-6-0-0 1
.7 1
021.4 1
1486 1
50893.5 1
7-2-3 1
090 1
3329 1
0219 1
100.00 1
0.125 1
9-2 1
6,75 1
45620 1
486-9580 1
27,39 1
3.663 1
55-02 1
4,80 1
2.031 1
27-25 1
1.016 1
4055 1
64,2 1
38.000 1
4970 1
567-3998 1
13-8-1937 1
32337 1
27-3 1
82,4 1
303-555-0126 1
917-157-1431 1
1431 1
272-15-76 1
68-95-27 1
27-15-76 1
6603 1
505-555-0162 1
10308 1
31,2 1
8.6 1
965 1
1.55 1
28,5 1
78000 1
1.85 1
5.55 1
35-50 1
8230 1
470,000 1
7900 1
450,000 1
1649 1
65. 1
2-27-75 1
72163427 1
18.500 1
052 1
39,539 1
844 1
1618 1
110-211 1
34,550 1
4998 1
1,2,3,4,5,6 1
1596 1
1794 1
1376 1
1535 1
35,881 1
1,900,000 1
14.0 1
6-8-10 1
34,595 1
75.5 1
07-02-70 1
01,922 1
00,448 1
24,793 1
23,666 1
34,928 1
25,232 1
20,413 1
16,455 1
16,443 1
13,445 1
04,861 1
03,107 1
07,133 1
22,918 1
10.46 1
1470 1
21-24 1
32-45 1
1766 1
1738 1
7-5-1896 1
7842 1
916 1
9.12 1
10600 1
17,4 1
1-2-3-4-5-6-7-8 1
5874 1
504-555-0147 1
555-0118 1
40,254 1
38,354 1
782 1
877-504-8423 1
2,300,000 1
999,999 1
34762 1
42,387 1
7925 1
9,8,7 1
27.50 1
48.50 1
41571 1
------------ 1
44,855 1
1811 1
02,012 1
00,045 1
6980 1
2590 1
1612 1
40-0 1
1075 1
9044 1
943 1
11,920 1
8347 1
212-165-9990 1
9,99 1
8900 1
8760 1
2-3-4-7-8 1
2-3-4-7 1
7,6 1
13,120 1
90,7 1
17.04.2007 1
7-8-4-3 1
8-6-6 1
19-51 1
2295 1
9.95 1
930 1
45,4 1
3-2-1943 1
1-1942 1
23-10-1942 1
23.976 1
8.42 1
11.6 1
11.2 1
48-03-01 1
67-46-90 1
3-08 1
029351 1
46-1 1
8-4-9-4 1
0-3-6 1
6-7-3-7 1
7-2 1
.3 1
3-4-5 1
323-555-6439 1
9-1-4-0-3-4 1
12.3 1
ừ-ồ 1
1,2,3. 1
21-10-1942 1
22-9-1942 1
20-7 1
20-9-1942 1
07,708 1
06,292 1
50,667 1
1055 1
11,958 1
10,292 1
03,542 1
01,417 1
856 1
11,583 1
10,458 1
42,792 1
4717 1
3185999 1
88,1 1
1.300 1
15,724 1
49,938 1
47,633 1
40,970 1
39,633 1
28,166 1
26,613 1
25,330 1
17,488 1
22,825 1
18,354 1
27,105 1
26,227 1
16,302 1
14,841 1
12,757 1
11,396 1
20,742 1
42,398 1
19,342 1
27,809 1
12,557 1
09,068 1
06,885 1
04,305 1
56,457 1
53,669 1
42,110 1
25,930 1
40,297 1
47,620 1
41,341 1
38,985 1
22,323 1
19,983 1
00,091 1
58,271 1
50,974 1
28,130 1
38,311 1
34,140 1
41,092 1
39,155 1
19,070 1
17,876 1
54,170 1
52,224 1
47,872 1
42,676 1
46,052 1
28,351 1
08,374 1
06,662 1
04,579 1
02,825 1
20,743 1
52,530 1
29,687 1
36,466 1
43,553 1
46,806 1
32,221 1
02,106 1
58,511 1
52,307 1
49,493 1
44,257 1
41,377 1
45,636 1
34,896 1
27,520 1
09,996 1
07,117 1
02,989 1
00,143 1
55,857 1
53,570 1
30,475 1
50,084 1
29,676 1
46,359 1
35,783 1
0,14 1
05,302 1
02,612 1
40,406 1
37,306 1
32,655 1
38,388 1
30,905 1
13,908 1
194000 1
2083 1
2081 1
148.000 1
18.50 1
11.34 1
16,188 1
3835 1
32,933 1
15,507 1
57,526 1
99,99 1
44,614 1
40,812 1
27,600 1
25,632 1
96.000 1
35,968 1
35,013 1
09,247 1
05,878 1
58,393 1
55,425 1
9,6 1
1.000.000.000 1
18,876 1
31,160 1
44,505 1
10-9 1
2-4-3 1
26,161 1
23,290 1
05,955 1
03,067 1
00,783 1
00,131 1
07,879 1
35,320 1
05,642 1
35,361 1
29,429 1
28,584 1
39,991 1
37,428 1
14,215 1
12,328 1
36,264 1
10-97 1
37,250 1
48,785 1
2-17 1
5,6,7 1
28.800 1
0009 1
15-18 1
18750 1
17,141 1
47,302 1
15,205 1
47,911 1
45,258 1
23,296 1
21,300 1
02,317 1
00,646 1
51,639 1
05,463 1
45,064 1
43,678 1
44,838 1
04,327 1
02,590 1
58,279 1
57,359 1
58,928 1
57,100 1
53,131 1
17,296 1
51,436 1
37,595 1
26,794 1
25,115 1
08,902 1
07,298 1
53,052 1
51,340 1
40,225 1
43,543 1
19,175 1
32,772 1
41,844 1
39,644 1
36,764 1
55,517 1
54,548 1
34,078 1
23,359 1
31,101 1
21,489 1
16,672 1
57,213 1
56,602 1
44,492 1
42,580 1
39,112 1
37,332 1
17,066 1
44,274 1
39,737 1
13,361 1
12,500 1
11,100 1
07,100 1
17,18 1
5124 1
857 1
36,851 1
16,500 1
34,758 1
13,210 1
10,245 1
07,253 1
18,815 1
15,257 1
52,477 1
48,107 1
15,542 1
15,181 1
43,900 1
312.000 1
00,588 1
58,051 1
46,950 1
44,987 1
25,702 1
23,924 1
16,150 1
953 1
14,222 1
07,723 1
23,311 1
21,750 1
19,057 1
18,204 1
53,038 1
51,394 1
10,270 1
32,648 1
15,184 1
17,130 1
48,310 1
21,227 1
19,682 1
12,408 1
11,555 1
06,986 1
04,640 1
50,423 1
37,730 1
26,261 1
24,390 1
09,577 1
08,264 1
08,177 1
06,864 1
29,310 1
36,744 1
27,337 1
58,387 1
39,754 1
41,974 1
20,920 1
18,375 1
46,219 1
45,116 1
42,131 1
40,228 1
01,309 1
27,158 1
35,195 1
34,259 1
16,176 1
14,297 1
45,937 1
43,450 1
42,267 1
25,230 1
20,492 1
18,822 1
49,627 1
37,338 1
35,451 1
13,630 1
12,460 1
18,264 1
15,384 1
15,391 1
30,606 1
14,955 1
11,319 1
07,091 1
05,146 1
12,218 1
09,840 1
21,259 1
19,313 1
12,472 1
33,186 1
49,692 1
50,662 1
47,957 1
22,517 1
20,680 1
07,168 1
06,223 1
04,040 1
02,120 1
55,703 1
54,124 1
32,764 1
30,126 1
25,048 1
22,585 1
18,541 1
16,746 1
44,564 1
43,160 1
12,877 1
17.5 1
