. 15603
, 7978
? 4107
- 2654
! 2123
... 1679
) 1559
( 1551
: 906
' 622
" 566
[ 356
] 353
♪ 215
.. 161
= 93
10 47
1 46
2 41
/ 37
00 34
$ 30
20 24
3 23
100 20
# 19
​ 18
60 18
30 17
8 17
15 17
5 16
% 15
4 14
6 14
500 12
; 12
49 12
9 12
50 11
11 11
7 11
13 9
17 9
35 8
40 8
12 7
19 7
£ 7
25 7
21 6
808080 6
172 5
37 5
14 5
166 5
18 5
50-50 5
26 5
3,000 4
28 4
60,000 4
109 4
24 4
200 4
38 4
185 4
764 4
-- 3
22 3
80 3
250 3
27 3
88 3
1,000 3
31 3
1989 3
48 3
9-9-9 3
43 3
10,000 3
300 3
45 3
70 3
7,000 2
50,000 2
850 2
800 2
5000 2
16 2
1000 2
62 2
719 2
892 2
68 2
600 2
360 2
1900 2
135,000 2
5,000 2
0-2-0 2
செய்வோம் 1
116 1
விரைவு 1
75,000 1
இந்த 1
ஆனால் 1
180 1
28.500 1
2.30 1
350 1
6-0-2-8 1
2004 1
309 1
1948 1
72 1
1812 1
1973 1
1952 1
2.99 1
750,000 1
1983 1
9,38 1
4,98 1
60.850 1
150 1
61.000 1
95 1
1910 1
5305 1
* 1
325 1
248 1
1950 1
56 1
42 1
400 1
11130 1
10200 1
2,000 1
3711 1
60-40 1
° 1
144,000 1
91 1
75 1
51209- 1
64 1
51 1
é 1
1861 1
207 1
1.848 1
30,000 1
104 1
650,000 1
3,2,1 1
39 1
2017 1
 1
1642 1
2077 1
2016 1
0600 1
210 1
0200 1
381 1
90 1
47 1
78 1
5,99 1
1.99 1
3000 1
உதாசீனப்படுத்தும் 1
73 1
318 1
2.2 1
~ 1
² 1
101 1
@ 1
7,62 1
5.4 1
32 1
61 1
212 1
1700 1
110 1
_ 1
274436 1
85 1
8-5-6 1
9-2-5 1
1.31 1
90,000 1
7.7 1
911 1
9,000 1
18,000 1
70,000 1
2013 1
67 1
44,17 1
