? 439268
- 309331
... 211424
! 210313
, 160522
. 136925
" 77560
.. 71862
# 45927
\ 36480
 32984
 31118
' 26786
 24871
/ 23791
 22132
 21875
 21365
) 21028
 19686
( 19522
: 14620
] 12595
[ 12363
2 12249
 10226
 9635
* 9414
3 8737
 8621
 8582
 7254
_ 7187
1 6537
; 6284
 6181
5 5860
 5378
~ 5322
 4861
4 4602
10 4575
 4309
} 4262
{ 4139
 4077
6 3776
20 3444
= 3279
 2809
 2692
 2382
30 2346
7 2346
8 2224
15 2119
% 2011
12 1927
♪ 1759
9 1743
00 1651
100 1585
50 1550
 1479
 1396
2-3 1390
| 1375
$ 1151
​ 1140
40 1125
11 1104
18 1085
· 1082
 1044
24 1035
16 976
14 967
17 940
25 933
13 899
 788
 715
200 705
60 627
500 590
9834 586
19 574
21 569
65533 544
@ 537
22 518
80 508
911 498
.... 496
23 456
300 454
45 445
90 443
27 392
q 381
26 377
29 369
^ 360
70 359
28 356
01 355
48 341
35 331
+ 331
36 310
32 302
0 283
 263
..... 250
♫ 242
31 240
400 232
8203 230
42 214
1,000 211
1000 207
38 207
37 204
33 202
3609 197
2000 192
10,000 189
000 187
 185
 182
j 182
47 175
99 173
34 172
75 160
2012 159
100,000 157
2,000 157
72 154
39 154
600 153
55 152
...... 151
150 151
49 150
02 148
04 146
50,000 146
800 146
5,000 144
3629 142
43 140
3633 139
06 138
2013 138
52 136
2009 134
3656 132
3648 130
....... 124
-- 122
03 122
46 121
250 120
jã 120
95 117
3634 117
2010 114
2008 114
2011 113
85 112
3623 111
2006 110
51 109
3585 106
120 106
05 106
41 105
65 104
3657 104
3,000 103
44 103
2017 102
........ 99
53 97
98 96
09 96
700 96
20,000 95
101 95
2005 94
qã 94
3619 94
3000 94
08 93
2007 92
5000 91
180 91
 89
07 88
3617 85
57 85
2004 84
30,000 84
56 84
 83
3591 81
59 80
58 80
900 80
2016 78
54 78
3604 77
86 76
¶ 76
110 75
2003 73
1983 72
66 71
3618 71
3637 69
68 69
3632 68
93 68
88 68
89 68
007 67
1998 66
--- 65
808080 64
87 63
555 63
2002 63
3621 62
1-2 62
1988 61
97 61
1997 60
78 60
1,2,3 60
ţ 60
23.976216 60
2001 59
15,000 59
92 58
1999 58
3627 58
63 57
๏ 57
350 56
3610 56
62 56
3588 56
500,000 55
82 54
64 53
1990 53
1,500 53
3649 53
91 52
.......... 52
74 52
3-4 51
4-5 51
96 50
69 50
1980 50
3652 49
94 49
25,000 49
1989 49
73 48
........... 48
......... 48
40,000 48
300,000 47
1991 47
76 46
200,000 46
1979 46
1994 46
50-50 46
67 45
1.5 45
1985 45
1973 45
103 45
130 45
3607 44
4,000 44
3626 44
1986 44
5-6 43
1974 42
1987 42
60,000 42
79 42
1900 41
1969 41
2015 41
1500 40
360 39
1976 39
1992 39
1995 39
3641 38
3593 38
160 38
112 38
1950 38
3592 37
3605 37
61 37
1963 36
1970 36
ţṃ 36
118 35
1945 35
83 35
125 35
81 35
1864 34
750 34
.45 34
210 34
6,000 34
3636 34
1984 34
1960 34
1977 33
192,60 33
35,000 33
104 33
1972 33
jà 33
2149 33
84 33
365 33
150,000 33
170 33
1930 32
2,500 32
250,000 32
1,200 31
12356 31
............ 31
140 31
3651 31
2.0 31
3655 31
600,000 30
2014 30
8,000 30
๓ 30
77 30
12290 30
jä 29
107 29
23.976 29
1944 29
10000 29
 29
105 29
209 29
12289 29
3586 29
9-1-1 28
123 28
1982 28
197 28
1971 28
1993 28
1961 28
1947 27
1975 27
1912 27
12398 27
.38 27
145 27
1200 27
450 27
1920 26
190 26
2.5 26
1981 26
1968 26
12358 26
4000 26
3639 26
1958 26
12394 26
119 25
3640 25
3654 25
3611 25
111 25
102 25
117 25
1600 25
jj 25
1940 25
20-30 25
191 25
185 24
12425 24
23.976024 24
650 24
3614 24
12,000 24
10000,0 24
1996 24
175 24
71 24
216 23
12391 23
12375 23
1978 23
220 23
2030 23
80,000 23
3608 23
1.2 23
1941 23
30000 23
30-40 23
260 22
12414 22
1953 22
400,000 22
6.30 22
1964 22
109 22
10-4 22
3650 22
฿ 22
106 22
1800 21
1-0 21
8.00 21
7,000 21
à 21
70,000 21
2500 21
7000 21
1911 21
12383 20
114 20
312 20
7-2-3 20
1-2-3 20
162 20
212 20
514 20
237 20
305 20
.22 20
1408 20
1943 20
1937 20
122 19
11.00 19
1959 19
320 19
12418 19
804040 19
๒ 19
1942 19
9,000 19
12363 19
421 19
3594 19
503 19
12395 19
113 18
201 18
308 18
240 18
784533 18
3.5 18
1967 18
............. 18
127 18
187 18
2077 17
225 17
177 17
370 17
12399 17
202 17
1966 17
65311 17
£ 17
128 17
1952 17
3287 17
116 17
1954 17
1,2 16
12384 16
1918 16
230 16
50000 16
1.3 16
215 16
ṃ 16
1,800 16
211 16
4.0 16
165 16
10.00 16
108 16
1700 16
502 16
888 16
.............. 16
© 16
ᶍ 16
412215 15
0.5 15
1,700 15
6.5 15
233 15
763092 15
3.0 15
550 15
.50 15
12435 15
ţã 15
1939 15
12392 15
6000 15
137 15
304 15
138 14
320,435 14
1957 14
1904 14
182 14
16.00 14
204 14
1865 14
1965 14
214 14
147 14
407 14
1.6 14
3-5 14
172 14
306 14
20000 14
18,000 14
12424 14
270 14
520 13
208 13
1,2,3,4 13
198 13
115 13
1-10 13
1,600 13
316 13
800,000 13
203 13
3,500 13
303 13
1903 13
10-20 13
8.30 13
¹ 13
12427 13
12367 13
1.4 13
5-10 13
126 13
1-3 13
4-6 13
12373 13
ţá 13
325 13
1400 13
19.00 12
1932 12
1868 12
290 12
2-2 12
164 12
235 12
134 12
178 12
999 12
1519 12
166 12
4400 12
333 12
1906 12
6-7 12
6-2-6 12
2-1 12
3.2 12
1917 12
666 12
7-8 12
129 12
3,600 12
132 12
17,000 12
7.5 12
2545 11
1949 11
22,000 11
850 11
1905 11
1505 11
8220 11
747 11
2-6 11
3.00 11
1863 11
1100 11
16,000 11
8221 11
1.00 11
3635 11
1,000,000 11
4.00 11
1946 11
246 11
1933 11
207 11
................ 11
á 11
357 11
23.976215 11
302 11
8000 11
984 11
156 11
1962 11
12428 11
‎ 11
12364 11
1260 11
3638 11
23,000 11
247 11
2554 11
100000 11
1909 11
414 11
275 11
2501 11
j. 11
199 11
12000 11
.357 11
12434 11
12431 11
3-5-5 10
1948 10
133 10
135 10
1-1 10
40-50 10
18.00 10
1,300 10
75,000 10
8217 10
ฌ 10
318 10
1956 10
1860 10
................... 10
.44 10
445 10
324 10
ś 10
10.30 10
đ 10
jṃ 10
327 10
12390 10
1923 10
801 10
6.00 10
6.25 10
............... 10
226 10
11,000 10
3-0 10
9.00 10
99.9 10
3660 10
5.30 10
315 10
148 10
405 10
718 10
1,100 10
15000 10
ๅ 10
183 10
277 10
144 10
9000 10
€ 9
1926 9
6,500 9
q. 9
qẃ 9
12381 9
4,500 9
458 9
12377 9
90,000 9
4.30 9
9808 9
702 9
205 9
5.00 9
1928 9
2-0 9
................. 9
12362 9
18.30 9
0-8-4 9
1067 9
7.30 9
14,000 9
1.950 9
6370 9
136 9
228 9
3,000,000 9
195 9
4.5 9
131 9
603 9
2555 9
๗ 9
1910 9
1922 9
241 9
124 9
2571 9
8-9 9
8230 9
314 9
010 9
375 9
2,400 9
1300 9
1925 9
1,2,3,4,5 9
1895 9
217 9
737 8
0.1 8
36,000 8
1812 8
1-6 8
20250 8
2.6 8
ţôş 8
815 8
422 8
288 8
640 8
5,6,7,8 8
3500 8
234 8
227 8
174 8
420 8
1.1 8
1781 8
419 8
120,000 8
341 8
1862 8
180,000 8
412 8
1955 8
256 8
1-8 8
śû 8
1.940 8
2,300 8
1492 8
1936 8
143 8
7,500 8
280 8
1935 8
2-5 8
4.3 8
2,200 8
700,000 8
๕ 8
3-1 8
,000 8
159 8
24,000 8
15.00 8
173 8
196 8
121 8
274 8
12.00 8
1907 8
0500 8
9-11 8
380 8
4-1-0 8
213 8
18-5 8
394 8
426 8
20.00 8
1880 8
320,470 8
480 8
704 7
255 7
560 7
11000 7
50-60 7
415 7
645 7
1951 7
2.30 7
322 7
430 7
1,400 7
4080 7
๘ 7
317 7
617 7
151 7
7-11 7
350,000 7
---- 7
011 7
627 7
498 7
285 7
1671 7
2200 7
864 7
3606 7
1914 7
163 7
268 7
411 7
245 7
5-0 7
260,000 7
2.3 7
456 7
1-9 7
4-0 7
181 7
7.62 7
1620 7
3-2 7
7.00 7
149 7
3-6 7
2-4 7
273 7
533 7
22.00 7
1.8 7
248 7
5500 7
1919 7
10-15 7
044053102 7
29238 7
8.5 7
221 7
1908 7
2.4 7
307 7
2.00 7
320,000 7
12.30 7
40000 7
146 7
23.00 7
3,4 7
1867 7
586 6
27096 6
1876 6
1870 6
1776 6
637 6
529 6
490 6
ś` 6
3.8 6
00.10 6
5133 6
11500 6
1924 6
13,700,000,000 6
25000 6
22823 6
5227 6
3612 6
ƒã 6
2686517 6
348 6
352 6
1023 6
1861 6
142 6
1-5 6
5314 6
386 6
157 6
517 6
330 6
200000 6
1215 6
4370 6
2.7 6
98.6 6
§ 6
975 6
110,000 6
25-30 6
242 6
364 6
3.13 6
508 6
158 6
1931 6
541 6
10-12 6
11.30 6
515 6
32,000 6
6-0 6
3.05 6
13,000 6
238 6
291 6
0.6 6
5570 6
1237 6
ƒ 6
45,000 6
1507 6
1916 6
7500 6
744 6
3.4 6
321 6
171 6
2138 6
jjj 6
599 6
462 6
21.00 6
266 6
1-4 6
1242 6
5,500 6
332 6
9.8 6
1913 6
701 6
565 6
3603 6
219 6
505 6
530 6
38,000 6
712 6
660 6
4.7 6
3615 6
28057 6
311 6
5.7 6
915 6
928 6
425 6
331 6
602 6
3,2,1 6
605 6
4.6 6
619 6
6.4 5
176 5
887 5
12.5 5
188 5
1899 5
574 5
1890 5
294 5
1026 5
90210 5
684 5
19,000 5
9.5 5
5.8 5
167 5
243 5
788 5
3,100 5
612 5
1,900 5
292 5
367 5
8.2 5
3.3 5
3825 5
ฦ 5
2700 5
ᵽ 5
20,000,000 5
283 5
0.7 5
748 5
19.30 5
500000 5
7,875 5
251 5
5,700 5
,2 5
3,200 5
,3 5
๛ 5
14.00 5
020 5
1.30 5
1004 5
10.5 5
139 5
4,5 5
9.30 5
33,000 5
250000 5
15-16 5
472 5
0800 5
545 5
1479 5
9248 5
1927 5
4.4 5
1681 5
1878 5
751 5
224 5
614 5
1,499 5
18-19 5
186,000 5
236 5
310 5
10-11 5
1921 5
5555 5
27,000 5
15.30 5
0819201950 5
15-20 5
0.2 5
17.30 5
218 5
264 5
464 5
948 5
1450 5
4.2 5
5-1 5
๔ 5
179 5
402 5
777 5
1188 5
750,000 5
4,100 5
2300 5
720 5
6-8 5
440 5
957 5
1075 5
3-1-0 5
2020 5
5.5 5
67,000 5
2.40 5
253 5
1938 5
1.25 5
— 5
16-17 5
766 5
168 5
1.618 5
๖ 5
50,605 5
206 5
642 5
300000 5
473 5
11.50 5
323 5
376 5
2400 5
1857 5
269 5
37,000 5
1.50 5
12387 5
1690 5
850,000 5
43,000,000 5
12371 5
468 5
401 5
23478 5
222 5
925 5
258 5
26085 5
42-30 5
309 5
24179 5
..................... 5
6500 4
0400 4
12426 4
17-6-21 4
905 4
9.2 4
2047 4
5-2 4
8,600 4
12,500 4
1782 4
5453 4
3.6 4
24-7 4
6.7 4
2317 4
4-6-1-9 4
1915 4
423 4
¤ 4
× 4
.9 4
๒๕ 4
1,800,000 4
5,4 4
806 4
8-10 4
12365 4
6.3 4
๗๑ 4
2.20 4
03.00 4
3,2 4
301 4
70-30 4
596 4
374 4
408 4
567 4
299 4
1856 4
295 4
656 4
12.50 4
742 4
1.775 4
12369 4
2,000,000 4
3.99 4
709 4
19968 4
353 4
14.30 4
10,000,000 4
1498 4
2-4-8-3-1-5-9-7 4
7860 4
384 4
504 4
1,2,3,1 4
280,000 4
4,3 4
803 4
449 4
830 4
5,000,000 4
12360 4
346 4
1281 4
232 4
84,000 4
231 4
5-7 4
1.7 4
1835 4
9.15 4
4602 4
406 4
001 4
3597 4
531 4
1888 4
...................... 4
1-800 4
351 4
0.01 4
1.65 4
1315 4
410 4
313 4
152 4
459 4
42,000 4
2549 4
3,700 4
416 4
2548 4
342 4
1859 4
13,800,000,000 4
0.25 4
7-2-2 4
267 4
1225 4
4.99 4
783 4
705 4
3.45 4
368 4
428 4
1871 4
6.2 4
58.42 4
713 4
189 4
3.30 4
451 4
714 4
1881 4
9.4 4
447 4
3-6-9 4
ฅ 4
7-1-1 4
901 4
3595 4
9835 4
1578 4
3630 4
9-10-9 4
336 4
500.000 4
184 4
1866 4
10-13 4
11.15 4
821 4
1884 4
2025 4
30.000 4
262 4
25-45 4
.308 4
30,000,000 4
1893 4
355 4
610 4
9262 4
5572 4
2.45 4
482 4
8979 4
540 4
65281 4
2332 4
2553 4
2.1 4
1.875 4
.................... 4
qṇà 4
556 4
2218 4
1929 4
2,700 4
432 4
392 4
2019 4
1770 4
11.5 4
1008 4
63246 4
512 4
1,010 4
3519 4
6353 4
618 4
1692 4
13130 4
2.8 4
1103 4
7774 4
752 4
3-2-1 4
.................. 4
650,000 4
87104 4
519 4
¿ 4
........................ 4
1723 4
571 4
21,000 4
028012322 4
1.47 4
6.32 4
ᵽê 4
12417 4
7.2 4
150000 4
2479 4
270,000 4
2.87 4
1.0 4
3300 4
382 4
229 4
090 4
765 4
257 4
25052 4
194 4
jj11 4
69804213 4
009 4
2917 4
784 3
876 3
1-11 3
๙๑๑ 3
1503 3
6.45 3
254 3
326 3
0,500 3
34892 3
12400 3
23.30 3
12393 3
2311 3
3600 3
1891 3
500,0 3
2-1-4 3
๔๐ 3
20197 3
1858 3
12378 3
12376 3
ñ 3
12419 3
27578 3
24515 3
8-1 3
12388 3
1556 3
12354 3
0.4 3
1019 3
1192 3
454 3
¡ 3
99.9999 3
5.11 3
23.810092 3
2370 3
372 3
388 3
10-30 3
17,520 3
463 3
671 3
1099 3
917 3
636 3
30-0 3
5.20 3
12.20 3
420,000 3
675 3
2600 3
816 3
1780 3
2.2 3
799.95 3
90206 3
20-25 3
770 3
40-40 3
919 3
1743 3
1404 3
3-3 3
282 3
193 3
śẃ 3
281 3
592 3
5,200 3
7,400 3
49103898 3
500,000,032 3
99.1 3
5-7-5 3
450,000 3
3-12 3
2,3 3
0-9-0 3
400,000,000,000 3
648 3
922 3
9.20 3
359 3
1018 3
1198 3
043-2716 3
29.970628 3
4-0-1 3
98,000 3
8.50 3
16,500 3
8549 3
95,000 3
4129 3
4-15 3
36.9 3
4-555-0 3
4-8 3
1304 3
9-10 3
8,500 3
16.30 3
4796 3
357891 3
625 3
5-3 3
21531 3
818 3
4-15-71 3
4-3 3
767 3
822 3
5-1-5 3
0600 3
789 3
3.15 3
450000 3
1902 3
10,11 3
2454 3
2040 3
781 3
413 3
501 3
443 3
2.15 3
719 3
740 3
30.06 3
๑ 3
1543 3
1,395 3
1846 3
390 3
1234 3
588 3
980 3
7.3 3
703 3
397 3
7-0 3
597 3
817 3
1-800-51 3
8-3492 3
843 3
470 3
730 3
2494 3
14.44 3
5-8 3
1668 3
27149 3
1.99 3
6.35 3
820 3
3.18 3
1610 3
441 3
2-12 3
46.1 3
56.2 3
49.99 3
1.79 3
17.15 3
563 3
898 3
๖๔ 3
644 3
44,600 3
99.99 3
334 3
381 3
487 3
19.45 3
880,000 3
22370 3
............................. 3
870 3
1849 3
.40 3
8.7 3
6.8 3
1,200,000 3
24,500 3
6.37 3
289 3
3319 3
0-2 3
1875 3
â 3
ţû 3
535 3
ţà 3
10.3 3
5558555 3
ţáᵽ 3
9.3 3
– 3
.223 3
,10 3
,4 3
10,000,000,000 3
1582 3
ฃ 3
7,6 3
21981587 3
21087591 3
654321 3
1901 3
435 3
2557 3
729.8 3
900,000 3
0.3 3
782 3
1583 3
37.4 3
469 3
7855 3
2523301 3
347 3
,1 3
1203 3
2137 3
8877 3
377 3
58.3 3
9-12 3
2.9 3
337 3
1885 3
2036 3
1896 3
3.07 3
4.8 3
261 3
861 3
670 3
13-40 3
10-1 3
805 3
161 3
186 3
118.30 3
298 3
0.8 3
319 3
29000 3
792 3
4225 3
29,000 3
10-3 3
65,000 3
2-7-0 3
429 3
72,000 3
544 3
34.05 3
9-9-9 3
0-2-0 3
1750 3
7,8 3
417 3
44.2 3
914 3
169 3
.32 3
527 3
5.2 3
154 3
1772 3
1502 3
396 3
840 3
2217 3
2005341 3
100.000 3
1877 3
8.15 3
100,000,000 3
912 3
358 3
868 3
4-1-1 3
10-80 3
j1 3
0175 3
24.000384 3
558 3
9.99 3
685 3
2110 3
655 3
807 3
8.20 3
7.45 3
13,250 3
80-90 3
42.2 3
562 3
12.27 3
134.58 3
1010 3
2-3-7 3
09,690 3
478 3
9,900 3
4-7 3
3-7 3
259 3
7,080,360,000 3
1,260 3
828 3
5.3 3
369 3
9.95 3
2032 3
006 3
4-2 3
1001 3
467 3
1118 3
3-1-7 3
287 3
4,800 3
6.6 3
๘๓ 3
7.4 3
8.0 3
15-0 3
425,000 3
1005 3
1934 3
18.15 3
5-4 3
647 3
5991 3
62547 3
379 3
296 3
835 3
.2 3
2056 3
0865307659 3
21.30 3
21343 2
.3 2
11.40 2
44,700 2
2058 2
17-18 2
50,065 2
98.7 2
40,42,83 2
178,000 2
1.70 2
2219 2
7-3-4-4-2-5-6-4-3-6-7 2
7.12 2
52,850 2
1,025 2
161,800 2
1213 2
6-3-9-6-4-1 2
255,642 2
1,500,000 2
5.0 2
1889 2
14,700 2
31,710 2
10.45 2
970,000 2
960 2
2.35 2
0.19 2
6-1-6 2
๒๐๐ 2
1020 2
๑๐ 2
65279 2
.270 2
0-1-9-4-6 2
549 2
17,500 2
99.888042 2
2018 2
849 2
1784 2
24-25 2
554 2
5.56 2
00,500 2
3102 2
988 2
452 2
513 2
47.55 2
105.3 2
1564 2
14.3 2
1792 2
444 2
3106 2
12-13 2
1845 2
9,200 2
10.9 2
1852 2
7.9 2
1211 2
2487 2
103.7 2
43,500 2
23,670 2
631 2
19,690 2
16500 2
1,872 2
1053 2
0256 2
q-36 2
1-7 2
504-555-01 2
11,750 2
03,600 2
543 2
387 2
26,600 2
331.6 2
7.25 2
105,000 2
7700 2
57,000 2
340 2
42155 2
1137 2
8.12 2
55124 2
2.25 2
1403 2
65400 2
38,050 2
35,690 2
33.04 2
1.26 2
17.43 2
5,800 2
1850 2
4,600 2
49.09 2
09,080 2
28455 2
630 2
17.00 2
36,930 2
2010- 2
--5 2
1309 2
629 2
50.96 2
1721 2
935 2
1,095 2
24-48 2
3235 2
36,500 2
40-45 2
54,520 2
1,385 2
6,000,000,000,000 2
0.30 2
5,7 2
ţú 2
đû́ 2
1,2,5,7 2
12451 2
jû 2
6095 2
1-9-0 2
26,000 2
391 2
521 2
9612136045 2
5-5 2
ţí 2
832 2
49.95 2
97-386 2
439 2
0-3-1-2 2
1105 2
22.15 2
438 2
785-555-0128 2
1457 2
1437 2
1007 2
1630 2
1003 2
5-6-9-6-4 2
18.4 2
9,412 2
1-5-9 2
2027 2
3-1-8 2
9-8 2
2-4-5 2
18-4 2
524 2
24,840 2
2050 2
1666 2
551 2
27,560 2
404 2
1444 2
643 2
19,700 2
4.18 2
48,330 2
8800 2
0-1 2
1111 2
,2-3 2
123456 2
52,000 2
21917 2
9836 2
2,4,6,8 2
jế 2
śà 2
1148 2
46,120 2
74,000 2
0-4-5 2
30-35 2
24381 2
.......................... 2
1,895 2
43125000 2
43,125,000 2
60-40 2
80000 2
1642 2
155 2
2996 2
862 2
9.7 2
679 2
2861 2
52,500 2
706 2
9809 2
10.000 2
8216 2
5-0-1-6 2
125.000 2
5.05 2
55555 2
43-4342 2
78-7 2
90024 2
25696 2
1476 2
6468 2
17.5 2
3.50 2
0.05 2
1,347 2
1439 2
4.32 2
2851 2
1285 2
5,100 2
3,900 2
17.47 2
63,000 2
9-9 2
3,800 2
07,510 2
240,000 2
----- 2
177,000 2
1205 2
434 2
......................... 2
380,000 2
83-100 2
1722 2
1,000,000,000 2
34.88 2
29.5 2
936 2
9,300 2
452.1 2
6,200 2
773 2
715 2
1121 2
1874 2
2627 2
500,000,010 2
1138 2
1-7-4-3-0 2
14.2 2
953 2
366 2
92.5 2
4,500,000 2
6,012 2
171,155 2
38,160 2
39,160 2
57,210 2
05.30 2
๑๘ 2
0.14 2
38,260 2
03,950 2
06119 2
01506 2
07,750 2
1887 2
03,230 2
907 2
1676 2
2.44 2
12.75 2
003 2
005 2
16-20 2
00,900 2
0.000 2
985 2
3923 2
1988-1991 2
1811 2
1898 2
37552 2
5.99 2
๑๒ 2
1244 2
154,000 2
36,700 2
30-8 2
1220 2
100,00 2
06,660 2
2141 2
3-17 2
24,300 2
45,680 2
048 2
07902 2
4750 2
2150 2
6700 2
1107 2
38.5 2
43,000 2
73,000 2
14.42 2
9-11-0-1 2
3185 2
1.12 2
4-0-7-2 2
1601 2
0530 2
58,370 2
014 2
12.2 2
5124 2
2,000,000,000 2
0.0 2
895 2
485 2
7,000,000,000,000 2
170,000 2
88999892 2
9.47 2
09.47 2
9,500 2
830-7860 2
1011 2
10725 2
0.18 2
19.6 2
2-6-8 2
1504 2
130,500 2
1232 2
397-8301 2
149-23 2
1661 2
4.9 2
9011 2
969 2
3.9 2
1638 2
768 2
909 2
698 2
10-9 2
1826 2
335 2
91037 2
60-70 2
775 2
0-2-4 2
3,101 2
10.17 2
1712 2
61,000 2
60,000,000 2
42.8 2
8.99 2
1669 2
3616 2
3625 2
1879 2
958 2
442 2
10-97 2
004 2
3658 2
105.5 2
47,870 2
433 2
8.6 2
í 2
5.50 2
º 2
8-12 2
185.98 2
¨ 2
๕๕ 2
31,536,000 2
5,040 2
qq 2
153 2
37304379 2
40.23 2
1,209 2
475 2
16.50 2
595 2
๐๖ 2
1013 2
2813 2
6,700 2
22.14 2
555555 2
1604 2
9700 2
25.3 2
2804 2
.30-06 2
90.2 2
๒๐ 2
๑๕ 2
๒๔ 2
¾ 2
66- 2
00,240 2
12-18 2
7010 2
717 2
409 2
8808 2
1-2-1-2 2
3-7-9-4 2
2-3-4-7-8-6 2
2085 2
๚ 2
45000 2
991 2
3055 2
932 2
1763 2
3.25 2
1066 2
585 2
998 2
5,300 2
2-4-8 2
12.45 2
90.1 2
2.16 2
4.80 2
344 2
0.07 2
8212 2
25,940 2
6,7,8 2
55,280 2
--------- 2
1.300 2
57,280 2
873 2
10077 2
542 2
931 2
546 2
1897 2
5600 2
812 2
2100 2
............................................. 2
22454 2
18,500 2
245431 2
3,550 2
3,050 2
1034 2
944 2
1.732 2
665 2
403 2
1.75 2
3,4,5 2
2,450 2
23,770 2
657 2
32,750 2
687 2
2550 2
1,115 2
1296 2
48000 2
2.37 2
753 2
361 2
345 2
1101 2
10-8 2
7710 2
9.1 2
20693 2
04-15-71 2
๓๓ 2
24651 2
18-2 2
22,500 2
22.50 2
10,690 2
600-700 2
28,200 2
83008 2
1,850 2
1766 2
395 2
20.24 2
1682 2
6588 2
³ 2
15-30 2
24,860 2
5074 2
6-10 2
880 2
5.46 2
19,990 2
1109 2
760,000 2
594 2
45-50 2
10.37 2
9.58 2
2882 2
561 2
741 2
4,000,000 2
1789 2
1-0-0-3 2
930 2
2698 2
10-28 2
3.1 2
1016 2
4380 2
2380 2
1837 2
๕๐ 2
141 2
1843 2
2212 2
349 2
40,120 2
j2 2
23.10 2
5900 2
1-1-4 2
0.50 2
9,800 2
72.5 2
95.7 2
785 2
10.25 2
5,678,483 2
® 2
48,550 2
10800 2
486 2
1.03 2
329 2
.30 2
4413 2
378 2
690 2
576 2
200,000,000,000 2
569 2
492 2
466 2
808 2
6.40 2
1-8-0 2
46,000 2
.105 2
1,900,000 2
2144 2
5.4 2
091 2
0-0 2
652 2
431 2
1209 2
5,6 2
1412 2
89.2 2
37197 2
457 2
20170 2
10,930 2
42,370 2
5550101 2
35.4 2
1-8-5 2
499 2
23,580 2
089 2
732 2
573 2
6-5 2
8790 2
33251 2
3- 2
45-55 2
691 2
8.14 2
1.850 2
1.35 2
5,600 2
4,400 2
25919 2
1.810 2
1865-1923 2
1,001 2
649 2
වේවා 2
14.45 2
21916 2
1239 2
297 2
1387 2
30058 2
1235 2
2556 2
20.30 2
6.34 2
847 2
26063 2
19978 2
790 2
2703 2
49.7 2
03.10 2
8.42 2
15.40 2
814 2
1.52 2
1.20 2
927 2
100.5 2
1-6-0-4 2
3955 2
977 2
35-40 2
36948 2
55,000 2
2412 2
4221 2
310275 2
1081009 2
759 2
58,520 2
20309 2
1-9-3-3-4 2
632 2
1.725 2
12420 2
1078 2
1.650 2
077 2
70000 2
07700-900 2
51,930 2
7.50 2
1645 2
1816 2
14.38 2
4227 2
24.00 2
2,250 2
11.45 2
3234 2
4587 2
23.07 2
41.5 2
2,263.2 2
53,560 2
1.900 2
1.920 2
38797 2
20,200 2
39340 2
27,140 2
18,520 2
834 2
1.60 2
58,780 2
2-1-2 2
4-1 2
01,950 2
01,450 2
4700 2
212-555-0159 2
465 2
10,820 2
1.6750 2
491 2
754 2
0.97 2
641 2
829 2
956 2
17,576 2
8.05 2
47,000 2
12,380 2
1337 2
27671 2
456855 2
13,640 2
0700 2
140,000 2
900957 2
3.14 2
454870 2
12-14 2
1619 2
2,100 2
1,2,3,4,5,6,7,8 2
460 2
1820 2
580 2
1.100 2
17,544 2
2.50 2
9999 2
4,3,2 2
3.615 2
39,630 2
12-15 2
707 2
1070 2
779 2
826 2
1238 2
1.40 2
363 2
1228 2
497 2
852 2
572 2
22827 2
798 2
672 2
12397 2
10.57 2
1184 2
18.05 2
1024 2
46.56 2
841 2
2037 2
941 2
28,180 2
10.48 2
1521 2
1599 2
507 2
31,640 2
29,970 2
455 2
2-3-2 2
22,190 2
2-7 2
6.42 2
398 2
418 2
11.20 2
424 2
9.07 2
946 2
27,120 2
1065 2
5,4,3 2
2-2-0 2
500-600 2
4631501734 2
28304 2
437 2
1614 2
21,120 2
239 2
03,010 2
709394 2
1637 2
1229 2
446 2
12429 2
29.99 2
25,370 2
10- 2
43.4 2
10.75 2
12-12 2
14,800 2
20301 2
09,190 2
12412 2
9,10 2
7.52 2
16.11984 2
19976 2
19990 2
26469 2
63250 2
7-23 2
1465 2
1082 2
9-16 2
7-6 2
1.600 2
4141 1
15,260 1
13,066 1
432011 1
1.400 1
1,700,000 1
10.05 1
40-15 1
20,020 1
04,930 1
36-48 1
0005 1
18,600 1
21.18 1
13.27 1
03,900 1
0001 1
894 1
4488 1
30,40 1
10-51 1
4-4 1
8-2-5-7-6 1
8850 1
6.43 1
23.45 1
18,280 1
8-2-5-7-7-3 1
1380 1
11,051 1
12456 1
1359 1
4811 1
16,440 1
1.500 1
1278340102 1
8-7-3-3-6 1
74,484 1
037 1
1811-1864 1
354869 1
539587 1
840805-237192 1
1837-1891 1
320,400 1
1824-1876 1
1812-1814 1
1-9-7 1
175232 1
1181 1
00,540 1
01,820 1
1,683 1
3863 1
76648 1
17,400 1
58,460 1
386969 1
354,234 1
332,690 1
4079 1
354516 1
0,0,541,45 1
6745 1
1-2-4-2 1
5497 1
14250 1
3546264 1
16,560 1
6,800 1
160,000 1
637-986 1
1281425 1
56,760 1
๑๐๐ 1
642,000 1
15.4 1
23,930 1
23,650 1
15,500 1
10,580 1
26,290 1
120-60 1
1,775 1
7744 1
07,950 1
7-8-9-9 1
6-7-2-3 1
5,920 1
18,020 1
1.750 1
93-9070 1
1.200 1
35467 1
35000 1
39,800 1
139765 1
13,040 1
46,990 1
316-2799 1
8692 1
3349 1
45,590 1
25,030 1
1.06 1
3758 1
4355 1
13-6-7 1
173-16 1
1047015 1
2711 1
831101 1
1767 1
063527005 1
3,275 1
00,040 1
57,450 1
0.32 1
23.20 1
22.33 1
5.58 1
606 1
25-0 1
35,560 1
1.41 1
55.6 1
73.2 1
20,720 1
113-113 1
6600 1
59-0-3.5 1
.26 1
16.9 1
1-1-1-1-1 1
11111 1
19951992 1
711 1
0.076 1
0.0509 1
16,980 1
55,440 1
26,270 1
52,760 1
16,720 1
6.30-8.30 1
72,400 1
1538 1
8,356 1
4,234 1
11,160 1
2029 1
284 1
37-1 1
2057 1
8.45 1
26,750 1
16,480 1
24,010 1
0511 1
284,000 1
4.35 1
2419 1
18,240 1
979899100 1
1.42.1 1
764 1
12,690 1
1648 1
1587 1
00,350 1
26,283 1
59,380 1
36-24-36 1
483 1
2415 1
2233,4 1
39,000 1
22915 1
315,336 1
3120 1
1,77245 1
8,000.000 1
41,490 1
47,180 1
233,109 1
317,149 1
17,110 1
6309 1
0-5-1-6-0-2 1
00,760 1
996 1
1.42.2 1
09,220 1
4163 1
140,000,000 1
12,880 1
19,250 1
798,000 1
6753 1
2-5-0 1
3104 1
00,700 1
.07 1
48.1 1
10400000400 1
14,870 1
12,850 1
8300 1
624 1
016 1
5-55-66 1
1477 1
11,890 1
2474 1
44,420 1
54,760 1
2000-1900 1
38,100 1
8.03 1
18.20 1
3352 1
175000 1
78.96 1
157,000 1
1.675 1
12,988 1
18-24 1
33,823 1
9036 1
10,909 1
46,665 1
6.04 1
3021 1
1453 1
81941 1
1817 1
181818 1
3.3181818 1
31,530,000 1
158,102 1
703-555-0123 1
27,45,65,76,48 1
55,800 1
2834 1
6.50 1
12,770 1
13,870 1
45.3 1
25.4 1
29,920 1
1,810 1
32,920 1
7645 1
2,3,4 1
53,430 1
27,090 1
31,047 1
.2000 1
1-1-9 1
39,610 1
40,490 1
343 1
855 1
29,760 1
31,510 1
3495 1
206-555-0112 1
6090 1
43,070 1
46,140 1
1985-1997 1
8731 1
954 1
2587 1
25,24 1
0,56 1
555-0136 1
07,910 1
04,390 1
2334 1
87.2 1
56,860,0.7 1
1025 1
24,340 1
081-491-4949 1
1762 1
279 1
13-18 1
29,910 1
14,780 1
16,810 1
36,430 1
46,750 1
19.36 1
03,370 1
00,030 1
19.43 1
15,430 1
19,530 1
11,520 1
1662 1
726 1
05,060 1
06,490 1
490,000 1
1200-10064 1
087 1
04.00 1
00-15 1
12.6 1
51,110 1
53,160 1
64389000 1
45,190 1
08.30 1
306-00-3894 1
3288 1
686 1
1590 1
24719 1
2,700,000 1
4399 1
1528 1
80,012 1
2.34 1
6-9-0-6 1
865 1
45,390 1
39,930 1
41,260 1
2,3,4,5,6,7 1
1313 1
11.05 1
6032 1
23,360 1
26,610 1
45.66 1
867-5309 1
855-824-1777 1
19,364 1
9007 1
2119 1
7.98 1
2.80 1
1424 1
2814 1
91604 1
70,000,000,000 1
2,343 1
498.3 1
479 1
13,300 1
54,370 1
0110111001101111 1
1.05 1
23,180 1
01100111 1
4.98 1
1510 1
2,353 1
55,020 1
58,680 1
21,440 1
583625 1
02,790 1
05,520 1
14,050 1
15,750 1
91605 1
23,170 1
250,000,000,000 1
990-36-7249 1
24.95 1
5-3-1-9-5-3 1
0130 1
0230 1
1999-2001 1
33,750 1
01.30 1
ñéòíðäã 1
¼ 1
ô 1
1979-1984 1
17985 1
1760 1
ø 1
óåñ 1
àμõâ 1
íøèæ 1
4320 1
29,660 1
31,220 1
2614 1
4258 1
38,540 1
ºõâãì 1
õ 1
èáíðäã 1
70000-80000 1
1.29 1
51,270 1
54,670 1
48,220 1
611 1
49,310 1
40. 1
.................................... 1
47,800 1
2512 1
1633 1
36,690 1
32,640 1
1202 1
õèäë 1
ëåèð 1
14000 1
24,150 1
41,801 1
14400 1
728 1
02,630 1
2080 1
59,580 1
38,360 1
390,000 1
35-39 1
210,000 1
4300 1
1898,114 1
41,000 1
24,250 1
22,700 1
48,630 1
43,920 1
44,830 1
43,200 1
2-7-7 1
851 1
42,330 1
29,2017 1
08,490 1
45,176 1
370,000 1
1040 1
6350 1
30-34 1
25-29 1
26,520 1
20-24 1
51,900 1
400,000-500,000 1
48,900 1
7,614 1
680 1
794 1
29,640 1
31,450 1
51,510 1
49,710 1
40-44 1
0- 1
21-8 1
45.60 1
1057 1
19,400,000 1
31,000 1
1788 1
39,350 1
50,000,000 1
1373 1
1660 1
56,930 1
45-49 1
36.7 1
31,990 1
46,809 1
1014 1
19.58 1
41,240 1
42,390 1
26,820 1
40,500 1
42176.41 1
3388 1
50.8 1
1592 1
19- 1
8.40 1
7.48 1
1,812 1
1518 1
4,520 1
53,200 1
56,400 1
58,110 1
59,710 1
553 1
27.6 1
2642 1
1546 1
11.06 1
33,710 1
6,205 1
34,430 1
54,030 1
42,001 1
85,60 1
1537 1
1320 1
31,130 1
43,599 1
8- 1
7-3-4 1
25,620 1
29,0 1
49,120 1
4- 1
52,0 1
1696 1
11,180 1
6769 1
5- 1
12,0 1
29,040 1
5897 1
11,040 1
12,960 1
70.43 1
00,630 1
02,070 1
5434 1
11-6-914 1
0-10 1
21.45 1
81,000 1
33-35 1
0830 1
20.45 1
29-1 1
39572 1
4810 1
724 1
47,690 1
51,190 1
09,320 1
14,390 1
5.79 1
58- 1
03,630 1
02,150 1
2552 1
43.96 1
9.00-11.00 1
19.10 1
14.46 1
13.15 1
11.34 1
22,850 1
4.42 1
15.10 1
54,890 1
29750 1
212,89 1
101-4 1
874273993 1
1568709 1
808-555-0172 1
885342 1
702-555-0103 1
5-7-7 1
2071 1
4-0-3 1
557 1
5-8-8 1
156509386 1
537 1
1,330 1
09.48 1
40,860 1
1838-1867 1
1833-1877 1
1850-1864 1
2.10 1
48,410 1
49,750 1
2282 1
43,480 1
400,000,000 1
626 1
4.40 1
1.10 1
8.44 1
8.02 1
2740 1
305-454-8537 1
8.4 1
340,000 1
25,290 1
9.08 1
3714 1
1.21 1
89.1 1
2,930 1
13,14,15 1
19,050 1
5372 1
64000 1
17-22 1
1.02 1
............................ 1
4353 1
252-5727 1
88.75 1
154-161 1
3,030 1
802-8448 1
12.31 1
12.35 1
68.2 1
7.10 1
.06.40 1
3.32 1
1018461 1
16,13,10 1
7,8,9 1
10,11,12 1
0-3 1
1,920 1
1.37 1
00,890 1
8.3 1
19.8 1
0-0-1 1
57.6 1
5-5-5 1
3.1415926535 1
3.141592653589793 1
j- 1
2002-2006 1
3.141592 1
57.3 1
37.6 1
36.8 1
05,190 1
1,750 1
7932384626433132 1
35,000,000 1
500,500 1
235,314,242,245,0,2753 1
56.6 1
49,420 1
7-7-4-2-5 1
1831 1
204.8 1
3-5-1 1
28,499 1
30,767 1
228,000 1
40,167 1
40.21 1
917-555-0131 1
350,000,000,000 1
42,700 1
06-36-37-84-75 1
1-6-8 1
57,080 1
1-6-5 1
1,893 1
34,820 1
24-21 1
8,000,000 1
1141 1
79.99 1
7-3-5-2 1
0-4-6-9 1
0-4-0-6-9-4 1
1786 1
735 1
00,780 1
5768 1
47,730 1
05.47 1
06.01 1
.600 1
4253 1
144,000 1
1955-1963 1
703-555-0118 1
2034 1
3218 1
2076 1
20110 1
310-555-01 1
250-275 1
47.64 1
41800 1
110.4 1
727,200 1
37,050 1
10.000.000 1
12,000,000 1
19.33 1
19.15 1
12,120 1
1-500 1
186,282 1
058858615 1
1.56.6 1
2.07 1
7310 1
3-1-8-9 1
139- 1
59.1 1
52.6 1
13.7 1
1588 1
1742 1
135.62 1
02-25-95 1
0.57 1
10058 1
11,486,000 1
54,950 1
20,900 1
22,130 1
53,450 1
3,700,000,000 1
.577 1
1659 1
76,728 1
287,3287 1
0.9 1
1076 1
1997-1999 1
22,920 1
830,000 1
4358 1
966 1
8.23 1
10,35 1
56,560 1
98760 1
8,231 1
700113394 1
00,400 1
3801 1
8,425 1
23-24 1
14-13 1
5,006 1
14-12 1
20.32 1
15-14 1
10,850 1
7.7 1
16258 1
20.35 1
2,230.06 1
2,263.02 1
6373 1
30,768 1
59,000 1
1719 1
28,766 1
08,650 1
125,000 1
2997 1
1559 1
193.6 1
1,250,000 1
9824 1
23.59 1
04,720 1
674 1
7348 1
27.5 1
1,2,3,45,6 1
1.828 1
57.7 1
235,000 1
2160 1
07,180 1
56,140 1
217,000 1
19.59 1
21.4 1
0200 1
7-12 1
47,170 1
49,630 1
04,410 1
1845-1891 1
21.3 1
56,380 1
59,620 1
0.0833 1
20.3 1
400,997,006 1
3404 1
1983-2013 1
500,000,035 1
2-0-1-0 1
18.35 1
19000 1
1848 1
1864-1930 1
443.7 1
997,000 1
22- 1
15.15 1
18.95 1
1,334 1
29.4 1
9.03 1
1832 1
19.57 1
37-1004 1
2.51 1
1839-1921 1
8,840 1
31-1382 1
23.8 1
31,370 1
19.55 1
0.0005 1
99871 1
1861-189 1
4332 1
656-220-56 1
32-17-25 1
1865-1901 1
59.95 1
19.50 1
02,910 1
101.81 1
3,125,000 1
38.8 1
55,500 1
06,230 1
02,500 1
47,500 1
1456 1
1,048 1
6.02.2555 1
20.40 1
10.06 1
30,826 1
1,850,000 1
316.4 1
48,320 1
50,980 1
33-4 1
98.8 1
1-3-5 1
94-103 1
555-0198 1
1,708 1
1419 1
1886 1
14,400 1
10-61 1
54,500 1
06,500 1
315,330,200 1
25,930 1
1892 1
24,260 1
9525 1
172409 1
151,815 1
1,0 1
73.22 1
651 1
08,500 1
10,1,7 1
234,000 1
92765 1
4,840 1
117- 1
10.26 1
743 1
2365 1
3781 1
01,500 1
09,550 1
7-9-3 1
6,5,4 1
5-32-8 1
32,860 1
04,890 1
9982 1
30,450 1
31,580 1
011-708-5533 1
001-708 1
5-3-3 1
4-5-3-3 1
9.13 1
02,010 1
1,164 1
3329 1
8.36 1
.16 1
0883011 1
39,820 1
5052 1
45,690 1
38,790 1
46,940 1
04,780 1
50,550 1
1805 1
02,530 1
45,330 1
733 1
36,160 1
8,7 1
10,9 1
1,882 1
205,000 1
0.2-0.1 1
41.3 1
1,066.08 1
52,710 1
55,030 1
20,890 1
22.21 1
22,720 1
676 1
0.051 1
503-555-0138 1
09,470 1
10,610 1
55,960 1
19.53 1
17.32 1
14.49 1
13.57 1
1834-1889 1
5,049,800 1
1829-189 1
1,000,000,000,000 1
1272 1
05,298 1
19.5 1
45,660 1
1257 1
23-16-11 1
08,767 1
22.011 1
4813 1
83.85 1
0.499305556 1
4-0-4 1
2558 1
0.00000000003 1
1341 1
1664 1
38,758 1
13.99 1
2094 1
1825 1
9-30 1
1684 1
7.1 1
1,642 1
13,800 1
27,850 1
3-2-3 1
1,384 1
15-2 1
1834 1
21-7 1
1938-2015 1
771 1
4,320 1
1815 1
2-4-7 1
1650 1
1940-2014 1
2.42 1
7286 1
3.26 1
027 1
29,680 1
92.236 1
9-8-4 1
7-91 1
2-5-1-7 1
4004 1
26-25 1
225,000,000 1
1472 1
1698 1
727 1
10,000,000,000,000 1
13526 1
43,620 1
130,000 1
08,880 1
09,959 1
1.000 1
453 1
3-3-0 1
2-1-0 1
1802 1
1790 1
35,360 1
32,440 1
1795 1
1517 1
2-4-2-3 1
34,390 1
43,440 1
7,000,000 1
39,580 1
41,820 1
2091 1
8206 1
1855 1
1531 1
1607 1
1758 1
2061 1
1791 1
0421 1
4.47 1
1216 1
0405 1
06,940 1
46,875 1
8.43 1
๐ 1
4242 1
22356 1
12-0 1
2,942 1
1813 1
13.4 1
4-4-3-1-4 1
100,000,000,000 1
56,000 1
1435 1
1570 1
275,000,000 1
623 1
6228 1
0101 1
5,000,000,000 1
22.46 1
5,191 1
57,520 1
21.14 1
4,112 1
17.03 1
14.37 1
555-0101 1
14.40 1
5,429 1
20.38 1
18.48 1
07,490 1
16.39 1
05,600 1
44,660 1
16.38 1
42,670 1
21,910 1
đû 1
21,760 1
4982 1
488 1
4.48 1
375,000,000 1
270,000,000 1
918 1
1032 1
3-5-8 1
879000 1
5-5-8-3 1
6,000,000,000 1
8-5-3-5 1
--------------------------------------- 1
102.2 1
55,569 1
1058 1
59,870 1
1609 1
7716 1
59,690 1
56,420 1
------------------------------ 1
24.43 1
3.86 1
1825-1914 1
qế 1
15.37 1
36,490 1
22.16 1
377-31 1
8622 1
300-400 1
2023 1
4-1-2-6 1
578 1
0646 1
54,817 1
1862-1876 1
23.18 1
1,210 1
1-5-5-6-0-4 1
04536236 1
04837959 1
1644 1
14,908 1
40.1326 1
123.9889 1
85.6 1
06.15 1
1,150 1
58,427 1
35097 1
24.55 1
15-15 1
35,020 1
15.14 1
57,570 1
........................................ 1
11.08 1
54,920 1
1805.20 1
10-31 1
49,910 1
ᵽû 1
26,25 1
47,720 1
ţâ 1
7.54 1
7.08 1
jé 1
890 1
620 1
ţẃ 1
12.98 1
14,460 1
10,960 1
185.75322530 1
11.26 1
7445 1
28764 1
8.27 1
42813 1
59,682 1
11-15 1
01,292 1
3,821 1
30.2 1
5.47 1
15.31 1
0427 1
30,390 1
121966215 1
24,520 1
14,210 1
10.7 1
ජය 1
978 1
3-10 1
16.8 1
14.4 1
18-35 1
3-16 1
12500 1
22,610 1
12.21 1
971 1
15,20 1
35,971 1
46,330 1
1,221.46 1
21451 1
1,116 1
3095 1
9,11 1
24754 1
29983 1
762 1
400000 1
9-15 1
22,23 1
223578 1
2,876.95 1
26228 1
14.5 1
340,500 1
26286 1
12379 1
104.9 1
48,840 1
32032 1
37,973 1
15.32 1
10-23 1
683 1
5.16 1
566 1
4,165 1
358,197 1
96.8 1
91.5 1
1987-1992 1
044 1
0.53 1
083 1
65,625 1
40,880 1
44,000 1
16,830 1
04,340 1
06,550 1
37,900 1
10,760 1
12,140 1
67.5 1
0-8-3 1
1967-1987 1
ආයිබෝ 1
0616 1
24,370 1
778 1
4,221 1
24,110 1
26,620 1
255642 1
28,590 1
897 1
04,955 1
06,944 1
27,143 1
26,050 1
30,009 1
00-7 1
769 1
22-23 1
1-1-2-3-5 1
1,3 1
3088 1
14-27-14 1
64-76 1
47423 1
2922 1
2-1-5 1
219,000 1
j-1741 1
11-0 1
83,000 1
52776 1
56,940 1
-------- 1
6522 1
1.16 1
4,999 1
58,070 1
2.45-1 1
01,120 1
1113 1
750,00 1
0.00 1
58.04 1
268,000 1
6331 1
ฦฦ 1
2,058 1
18,000,000 1
07,424 1
5.51 1
45,540 1
64,000 1
04,504 1
------ 1
1-7-2-2-4 1
05,620 1
02.41 1
9-4 1
1328 1
5.38 1
7400 1
2509 1
2041 1
0634 1
46.2 1
----------- 1
4801 1
8.09 1
9111 1
34.76 1
28,580 1
25.000-30.000 1
54,200 1
5-28-1 1
66000 1
5719 1
20.05 1
87.6 1
621 1
6-6 1
6,000,000 1
8-7-69 1
2026 1
7.38. 1
5-16 1
20,660 1
21,880 1
34-35 1
5300 1
41,720 1
2520 1
01.45 1
3780 1
9895 1
31,590 1
995 1
44,170 1
34,360 1
59,300 1
01,030 1
2748 1
500,00 1
278 1
722 1
3950 1
0804 1
090-771 1
8240 1
47,270 1
357,000 1
11,300 1
9.85 1
2--3 1
1987004 1
---------- 1
51,590 1
8.9247 1
43,260 1
46,730 1
749 1
00,090 1
01,630 1
49,780 1
6-1 1
2221 1
4.4623 1
32000 1
026 1
4.46 1
9,400 1
42,820 1
1,300,000 1
34,000 1
11-21 1
6,7,8,9,10,11 1
15,16 1
27318 1
2411 1
24,810 1
20,800 1
192 1
48,720 1
46,840 1
10021 1
4,068 1
29,080 1
4593640 1
0810 1
2650 1
65,32,15 1
5431 1
5150 1
09,520 1
1.1428572 1
6.75 1
1946-2016 1
30,540 1
5,125 1
05.00 1
875 1
58,730 1
4.955 1
127000 1
10,560 1
12,710 1
55,420 1
1,80 1
5-44 1
.4 1
.5 1
1.04 1
1838 1
6-6-9 1
2-4-6 1
8640 1
1,214 1
50,390 1
53,230 1
429-555-0169 1
14010 1
5-0132 1
55-0 1
3434 1
118.9333 1
212-920-6922 1
4,161 1
7090 1
1302 1
1068 1
15,12 1
1550 1
973 1
6544 1
654765 1
1080 1
3101 1
5512454424 1
33,600 1
1829 1
3,3,3,3 1
320,380,000 1
3,3,3 1
100,2,3 1
1702 1
47859 1
6623 1
3458 1
176,000 1
4,472 1
07,150 1
976 1
0.0.01 1
08,900 1
600-650 1
37,960 1
8414 1
7.18 1
35,160 1
1.30-5.00 1
7.83 1
3092 1
20-26 1
12,13 1
165.23563,1 1
1.18 1
31-32 1
9.55 1
77.3333 1
11374265 1
25.0667 1
01,350 1
04,230 1
2,990 1
3185296 1
165.2356 1
7136 1
13- 1
0207 1
128,600 1
43,880 1
2008.1.2 1
0137 1
27-5555 1
41,190 1
31,350 1
28,760 1
2717 1
305-555-0188 1
1989.4.30 1
94.09 1
4077 1
.321 1
45,310 1
4.16 1
4.23 1
2822 1
1,355,000 1
2780 1
98-99 1
5296 1
40277 1
42,470 1
1,428,600 1
1991.5.2 1
123.9 1
25,140 1
26,850 1
1293 1
1012 1
2-7-5 1
44,300 1
250-280 1
1989.8.28 1
.1990.1.25 1
1.42 1
.185 1
1989.7.4 1
24,562.47 1
1998.6.24 1
7-1-8 1
227,000 1
1990.2.11 1
86,000 1
02,560 1
46,810 1
48,670 1
.1990.5.27 1
47-26 1
1714 1
1042 1
4343 1
2054 1
2-3-2-3-2-3 1
3100 1
4344 1
6.36 1
4500 1
4-1-9-1-0 1
55,900 1
59,220 1
6-8-2 1
2123 1
493 1
4917 1
5-6-1 1
29297 1
077967 1
0778967 1
53,520 1
0.00004 1
0.04 1
50,880 1
51487843 1
416-209 1
100-400 1
1,890 1
06364-4649 1
39,200 1
2779 1
4-11 1
14.6 1
14,600 1
8,850 1
34,940 1
15-24-7 1
85,000 1
19.2 1
11,350 1
2-7-5,5-1-9 1
3836 1
00,000 1
40076 1
96500 1
11,400,000 1
7274 1
800.000 1
1-4-9 1
2231 1
1665 1
13-51 1
9829 1
71.8 1
56,480 1
3,500,000 1
10.20 1
16,120 1
19,480 1
37,120 1
39,280 1
461 1
17,830 1
21,990 1
587 1
20,330 1
26,500 1
5584888 1
09,010 1
36,810 1
38,570 1
616 1
10,430 1
12,700 1
634 1
36,420 1
38,080 1
20,120 1
23,390 1
58,230 1
00,490 1
19,020 1
926 1
3.23 1
34,530 1
28-29 1
94941 1
22.02 1
405,050 1
19.11 1
11,980 1
13,960 1
20,860 1
23,530 1
48,740 1
51,040 1
11,970 1
14,190 1
40.2 1
511 1
3.20 1
01,790 1
03,780 1
08,170 1
10,460 1
53,150 1
55,140 1
942 1
42,730 1
44,560 1
40,780 1
32,900 1
24,320 1
02,570 1
26,550 1
55,010 1
844 1
42,290 1
11,320 1
45,520 1
48,680 1
882 1
06,030 1
25,520 1
28,480 1
906 1
05,170 1
24,130 1
29,280 1
25,680 1
39,370 1
28,820 1
33,090 1
938 1
26,310 1
37,520 1
42,580 1
50,630 1
52,290 1
08,520 1
10,080 1
38.7 1
37,210 1
27,020 1
842 1
39,640 1
59,680 1
30,160 1
54,090 1
731 1
20,680 1
43,130 1
13,190 1
54,230 1
56,500 1
19,320 1
23,880 1
40,840 1
44,360 1
48,110 1
50,270 1
797 1
15,800 1
25,880 1
30,440 1
804 1
45,840 1
50,770 1
57,610 1
01,480 1
28,130 1
30,790 1
36,670 1
677 1
02.4.875 1
00,650 1
1156 1
22826 1
31069 1
23476 1
36020 1
20013 1
39640 1
12406 1
26089 1
24605 1
22825 1
30343 1
24499 1
24746 1
23376 1
22899 1
36865 1
35441 1
12408 1
24460 1
20498 1
25105 1
24613 1
36914 1
12416 1
32773 1
22810 1
20596 1
35519 1
20307 1
20837 1
1221 1
2485 1
2533 1
17-30 1
2-5-4 1
2070 1
2,3,1 1
1747 1
3-30 1
8.38 1
18,20 1
08.11 1
28,300 1
26,300 1
484 1
1603 1
1605 1
872 1
170-180 1
893 1
31,280 1
32,910 1
41.1 1
12372 1
12374 1
34920 1
24773 1
12415 1
11.95 1
27597 1
26368 1
32771 1
35211 1
24373 1
1241 1
21069 1
27231 1
21332 1
21147 1
24471 1
20804 1
25152 1
31169 1
24030 1
12409 1
30,240 1
32,470 1
21,790 1
24,160 1
02079460996 1
03,490 1
05,930 1
09,600 1
12,570 1
32,380 1
33,780 1
27,28,29,30 1
32210 1
22885 1
36215 1
25126 1
20999 1
27515 1
12396 1
23432 1
27704 1
36960 1
6531 1
23546 1
36861 1
25918 1
12300 1
12301 1
21029 1
21517 1
29105 1
20175 1
38272 1
23398 1
24444 1
21205 1
3521 1
20234 1
35910 1
24536 1
20108 1
20154 1
20986 1
26041 1
4882 1
32.4.870 1
1554 1
,6 1
,33 1
,20 1
,12 1
,999 1
27-35 1
,70 1
5-1-6 1
44.23 1
10.42 1
31,440 1
34,040 1
,8 1
35,790 1
673117 1
1271 1
601-30 1
23,840 1
19,20 1
28,28,30 1
52,53 1
54,55 1
38-40 1
56,250 1
582 1
54,430 1
617-555-0118 1
5-9 1
91,046 1
42,870 1
42300 1
53000 1
95300 1
2360 1
3972 1
1937-1997 1
43608 1
11712 1
3274 1
16,200 1
16,586 1
122,000 1
220000 1
21.32 1
91,000 1
33-42-31 1
14001 1
2-1-0-5 1
,2.5 1
1985--2 1
180-20 1
88.000 1
1324 1
49837 1
710 1
10-90 1
38,456 1
56,330 1
21660 1
33,570 1
................................. 1
118.31 1
168.22 1
49.93 1
63645.3 1
1818 1
2257 1
049-0067 1
157-3245 1
18000 1
18500 1
๔๑ 1
9733 1
34.48 1
4,950 1
49.87 1
20` 1
19,895 1
37.8 1
383 1
46664 1
40- 1
62,000 1
1755 1
4,200 1
4,300 1
5,400 1
50-55 1
....................... 1
0147 1
3316 1
,75 1
,11 1
,13 1
,15 1
3.10 1
68- 1
27,040 1
2-4-2-1 1
111,444 1
2.12 1
7.8 1
1926-1989 1
5470 1
16270 1
2008-2009 1
3,150,000 1
9871 1
001-917-135-6565 1
212-157-642-1 1
1990- 1
307-179-9048 1
0824 1
4705-8 1
4724 1
3.40 1
79.95 1
0905 1
18,390 1
3350 1
784574 1
24831597 1
0-0-5 1
1869-1903 1
802701 1
26-4351 1
10-36 1
38,723 1
323- 1
2546 1
02,620 1
03,310 1
7485 1
1027 1
14.15 1
15,100 1
56,750 1
35.646817 1
138.702496 1
5,003 1
3,003 1
36.5 1
06.10 1
1334 1
1339 1
172,000 1
62,780,000 1
3,312 1
17,090 1
90255047 1
4927 1
02,440 1
45,560 1
58,600 1
12,520 1
14,160 1
36,200 1
40,560 1
10,320 1
14,840 1
04,400 1
09,790 1
8,635,000 1
9-1 1
7-- 1
5-1-0-2 1
1-7-1-7 1
8-1-1-8 1
6-5-5-4 1
05-04 1
91409 1
9-1- 1
9-1-7 1
5-0-1-2 1
8-1-8 1
7-7-5 1
3-9-9-3 1
34-28-34 1
59,750 1
6-7-8 1
767092 1
33,030 1
555-0123 1
................................... 1
22423 1
26,790 1
6518 1
5605 1
36-25-34 1
9,10,9 1
20004 1
4100 1
56,630 1
58,160 1
5,4,3,2,1 1
1944-45 1
01,040 1
1284 1
47,100 1
48,440 1
4040 1
2,1 1
26,210 1
24771617 1
25882718 1
2-9-1 1
2-7-8-5-5-2-3-6 1
2-9-6-3 1
2-7-8-5-6-2-1-2 1
04,320 1
51,570 1
50,430 1
8.4013.1517.45 1
38,150 1
41,060 1
05,140 1
0292 1
109,000 1
79,000 1
39180 1
003691 1
34342 1
11-6 1
.15 1
2045 1
25,900 1
21,300 1
019-926-232 1
07,500 1
11,100 1
15-34 1
2514 1
4,501 1
190-195 1
18.53 1
8,9,10 1
19.25 1
19.32 1
1759 1
19,200 1
35,420 1
7,100 1
9321 1
12.99 1
16-0 1
10.08 1
5219 1
1145 1
1112 1
29.670 1
33.799 1
45-63 1
97.7 1
5.1 1
10.0 1
1333 1
56,205 1
12.0 1
94.548340 1
339 1
883 1
06,690 1
979 1
1,516 1
1,650 1
5.740 1
41,040 1
43,030 1
54,930 1
756 1
40,851216 1
54,342 1
9-18 1
7.30-8.00 1
29,639 1
30,940 1
54,280 1
59,280 1
43,429 1
45,555 1
45,585 1
47,168 1
19.976 1
1414 1
23611 1
43,068 1
45,877 1
99.997 1
36,824 1
38,626 1
1989j 1
4937 1
๗๗๗๗ 1
๓๓๓ 1
๔๘ 1
๘๘ 1
賈寶玉是我龜孫子 1
14,500 1
16,300 1
20,500 1
70-80 1
57,950 1
28,940 1
59,450 1
30,100 1
17.3 1
21,650 1
25,250 1
33,990 1
43.000 1
22.000 1
56.7 1
4,3,2,1 1
79-15 1
221-222 1
9,720,000 1
08,060 1
17.2 1
10,310 1
947-0038 1
1-12-5-6 1
3205 1
43125000000 1
43000000 1
540333 1
06,100 1
09,557 1
6020 1
28,530 1
29,950 1
47,570 1
26918 1
36,570 1
34,060 1
34,880 1
34,460 1
78.3 1
3-11 1
10-26-2000 1
2013-1026 1
21,350 1
23.36 1
47.070 1
0190 1
1814 1
64762 1
13350 1
11-27-74 1
4-9-8-0-0 1
3-1-4-5 1
4200 1
2340 1
2-2-2 1
8700 1
261,100 1
01,150 1
03,730 1
52,080 1
54,590 1
15,580 1
26,760 1
31,980 1
32,400 1
50,740 1
26,564 1
44,776 1
14-8 1
9.29 1
555-0139 1
1.98 1
21.23 1
1,115.53 1
28,150 1
30,690 1
58.95 1
57,070 1
2039 1
2048 1
3,00 1
4.89 1
1,2,1,2,1,2,1,2 1
23.56 1
23.57 1
1520 1
.356 1
.375 1
900,0 1
0-9 1
2902 1
788.30 1
12.1 1
13.9 1
9.48 1
1741 1
1,345 1
5251 1
2819 1
4-1-9-7-6 1
12-4-80 1
27,30 1
1890-1910 1
14.99 1
05,370 1
07,600 1
2,470 1
1744 1
1954-1955 1
1959-1997 1
002 1
008 1
013 1
5.76 1
54-49 1
1482 1
1496 1
2507 1
1332 1
02,470 1
06,570 1
51,090 1
55,820 1
34,35 1
2893 1
818-133-6089 1
23,790 1
103-7206 1
1.48 1
2-9 1
.300 1
57,224 1
59,560 1
59,561 1
01,700 1
28.336 1
08,557 1
12,803 1
40,725 1
43,561 1
500,000,000,000 1
32.52 1
470,000,000 1
585,000 1
1.9 1
200-1 1
3,000,000,000 1
15000000000 1
205,000,000 1
145,000 1
10,140 1
14,141 1
20,140 1
22,141 1
41,275 1
480,000 1
2,600 1
2-36 1
10-33 1
31.6 1
14-28 1
24.41 1
12.3 1
11.6 1
6-2 1
7-6-2 1
31.2 1
28.5 1
609 1
1,350 1
75.5 1
59,624 1
01,623 1
15,536 1
17,522 1
11,696 1
13,148 1
03,842 1
05,591 1
06,842 1
09,591 1
8328 1
1-2-2-4 1
975,000 1
71.9 1
87.5 1
1735 1
7884 1
22.35 1
7.0 1
09,290 1
17,790 1
1882 1
1,440,000 1
1,470 1
2622374 1
4-4-1-5 1
1326 1
3-2-5 1
2,164 1
949 1
60-120 1
1,500,001 1
04,350 1
7.35 1
9.04 1
6-2-2 1
1876-1906 1
65-10 1
1951-1997 1
3,4,5,6 1
62.8 1
35.2 1
1-7-12-33 1
2008-2012 1
41,070 1
10-50 1
10-32 1
4.25 1
1440 1
4827 1
10-5 1
7- 1
14.97 1
20,25 1
0930 1
6-4 1
2998 1
030 1
6-7-3 1
299,792,458 1
2305 1
636,479 1
48.28 1
39,549.23 1
18,944.08 1
2410 1
13.14 1
16.14 1
66.000 1
694 1
8921 1
60000 1
61,132.99 1
1256.6 1
20-3 1
1413 1
44,640 1
1-80 1
53,440 1
41,930 1
12-49 1
505-177-8987 1
8-1-5 1
10.51 1
10.58 1
11.12 1
4,779 1
47,670 1
50,010 1
33,120 1
34,850 1
547 1
310,000 1
1212-654 1
65-75 1
4.95 1
85.197 1
1,274 1
52,230 1
55,200 1
94.5 1
08,280 1
09,980 1
1869 1
061-743-4884 1
555-0171 1
1167 1
25,020 1
1765 1
14,267 1
10-53 1
41-1 1
92-91 1
90-89 1
91-89 1
71-80 1
4016 1
28,500 1
6-0-2-8 1
1250 1
18.5 1
300-600 1
4,4 1
1.6.6 1
54-23 1
000-07-9185 1
21.99 1
14.95 1
99.7 1
0541 1
.1 1
4310 1
62-54 1
10-45 1
194,000 1
846 1
846- 1
55,810 1
247,000 1
40-5 1
8.9 1
09,050 1
3532 1
20,400 1
22,640 1
54,290 1
56,020 1
17,810 1
19,580 1
.729 1
21.55 1
17.23 1
17.56 1
48,060 1
20.15 1
3-0-2 1
8003- 1
80031-102877 1
1458 1
42,000,000 1
21,000,000 1
09,740 1
12,110 1
49,860 1
0900 1
1847 1
4266 1
21.58 1
45,930 1
3.37 1
2,501,000 1
56,150 1
58,380 1
44.053051 1
123.127860 1
22.5 1
14.7 1
16.7 1
14,060 1
15,630 1
3024 1
3215 1
11,630 1
30000000000 1
187,000 1
18,19 1
525,600 1
998,000 1
488,000 1
0-5-1-5-7-3 1
0623214637 1
28.7 1
430,000 1
25.000 1
3.74 1
96,000 1
10880 1
90265 1
4622 1
13.11 1
46,870 1
25,910 1
293 1
7458 1
0.03 1
481 1
35,880 1
38,980 1
4-17 1
4-14 1
4848 1
07,320 1
26,840 1
29,580 1
48,120 1
55,120 1
6908 1
10-60 1
10-78 1
2,223,000 1
07700 1
900557 1
07957-452 1
1775 1
8-35 1
20.01 1
8.04 1
35.9 1
57,720 1
45,950 1
33.3 1
23.2 1
28,860 1
34,970 1
36,270 1
1240 1
15009 1
25042541 1
2,3,6 1
1002 1
1006 1
1535 1
17,250 1
9-6-3-2-8-7-9-5 1
7,877 1
968 1
268,581 1
1114 1
5.6 1
1501 1
0300 1
3889 1
7-0-0-0 1
668 1
21,420 1
19,900 1
22,940 1
307604 1
2896 1
49,270 1
๔๙ 1
9-1-5 1
1488 1
42,100 1
44,900 1
9760 1
5923 1
7,300 1
75000 1
32.9 1
15,730 1
193- 1
30.96 1
1106 1
26,1944 1
72-3 1
1132 1
34,870 1
39,520 1
1.56 1
1823 1
29,700 1
01033 1
2.58 1
4605542 1
31422 1
322,33 1
99.98 1
6.15 1
1210 1
52110075 1
1-2-3-1 1
180000 1
33.1 1
6338 1
149,150 1
45-46 1
2418 1
07.17 1
1,004,000 1
1940-1950 1
15,860 1
36,620 1
39,710 1
27,810 1
10-96 1
667 1
33,970 1
36,910 1
52,400 1
57,530 1
7.6 1
8.1 1
474 1
28,090 1
30,590 1
11,840 1
15,380 1
1980- 1
1,780,000 1
955932772 1
91770 1
23,24 1
884 1
528-491 1
528 1
26.2 1
1245 1
286 1
14,030 1
15,390 1
4-9 1
45.15 1
62.5 1
2529 1
362434 1
20061220 1
362 1
8-0 1
128,056 1
6,250 1
1,543 1
1,542 1
10.00-17.00 1
40,940 1
42,610 1
857 1
57,370 1
1,476 1
01005-403 1
3185999 1
20070130 1
50-100 1
786 1
38-24-36 1
1830 1
22,930 1
1108 1
1890-1917 1
56,860 1
59,190 1
831 1
57,580 1
02,550 1
3.75 1
2309 1
78418 1
32-27-32 1
76-08-18 1
40-1 1
7-3-2 1
235,800 1
2358 1
8207 1
00.01.13.118 1
01.19.57.518 1
00.00.00.010 1
00.47.48.100 1
21-13 1
2710 1
3-4-5 1
921 1
471 1
663 1
87,000 1
3783 1
80-80 1
6-12 1
03,540 1
05,560 1
22,080 1
007-214-29 1
920 1
1,760 1
1732 1
7-3-1-7 1
1761 1
198.36 1
1774 1
564 1
568 1
628 1
39.80 1
5000000 1
2856.06 1
1345 1
3260 1
3264 1
3266 1
18,570 1
20,730 1
436 1
427 1
39,340 1
36,890 1
.800 1
00,690 1
03,990 1
35,500 1
21153 1
1195 1
8-8-0 1
5031-72 1
310-11 1
738 1
477 1
489 1
622 1
658 1
693 1
17321 1
33,910 1
35,810 1
9,9 1
2245 1
14,510 1
15,620 1
20,930 1
22,840 1
29,940 1
32,270 1
845 1
144,177 1
546-2312 1
131313 1
239,451 1
69000 1
31177 1
12,040 1
14,490 1
52,410 1
53,740 1
56,670 1
59,700 1
21,750 1
34,180 1
36,250 1
3,7 1
3,119 1
.29 1
3380 1
127,000 1
25,500 1
21,600,000 1
34,370 1
35,870 1
1-100 1
10.15 1
16,270 1
19,090 1
54,000 1
434-6603 1
75-80 1
3,120 1
79.70 1
10,2 1
1331490 1
25-1 1
26-1 1
± 1
5,326,320 1
6013 1
184-185 1
45620 1
3-4,000 1
49,239 1
2478 1
2475 1
3,647,035.59 1
704162 1
6557 1
3957 1
252-56 1
555-5215 1
68.5 1
1987.4.2 1
09.30 1
8-5 1
2104 1
1619414 1
059495179 1
1- 1
34-3 1
1431 1
.700 1
7889 1
7853 1
2-3000 1
21185 1
166-167 1
33,500 1
34,540 1
1.0-2.5 1
950,000 1
287.5 1
49,870 1
51,680 1
45,780 1
48,540 1
011-9967-1479 1
46,100 1
49,070 1
51,320 1
42,220 1
45,080 1
838 1
842.3 1
17- 1
3-0-9-8-1-7 1
670,000,000 1
3002 1
3001 1
3248 1
699 1
0039 1
1844 1
5313 1
3,200,000 1
125.7 1
๕๐๐๐ 1
๙ 1
๑๓๔ 1
๗.๖๒ 1
๓๐ 1
๒๙ 1
๒๘ 1
๗๔ 1
ฃฃ 1
................................ 1
22-40 1
22-11 1
1522 1
1513 1
31,360 1
33,100 1
43.3 1
30,520 1
32,330 1
36-24-34 1
983 1
4328 1
27,360 1
28,780 1
16,17 1
10-02-25-056768 1
30,449 1
4.90 1
3340 1
15,230 1
50,590 1
53,100 1
3659 1
252 1
08,190 1
3105 1
46,82 1
5228 1
15-19 1
89,000 1
267,000 1
12,860 1
101.8 1
787 1
.380 1
.30-30 1
36-24-28 1
2132 1
1000,1000 1
16,32 1
๑๘๖๗ 1
638 1
1-800-555-0140 1
1327 1
55,260 1
612-188-6336 1
476 1
9-2-7-6-2 1
10,635 1
1151 1
1174 1
038 1
1636 1
8080 1
993 1
150,004 1
1,328,334 1
34.4 1
6.81 1
6.47 1
7-28 1
669 1
70,71,72,73,74,75 1
28,810 1
33,180 1
6-4-1-0 1
7-4-2 1
6-3 1
8-3 1
8-6 1
25,30 1
84.000 1
74.39 1
.06 1
23.37 1
101,712 1
4800 1
7913 1
25,913 1
3742330 1
3400 1
๖๗ 1
49,850 1
51,520 1
-1 1
0-61 1
6.14 1
.0043 1
38,630 1
6876-44 1
1.15 1
38.358888 1
2,019 1
122.288818 1
360,000 1
------------ 1
2075 1
37458 1
37649 1
35,850 1
38,860 1
105.30 1
4-30-8 1
1828 1
10-17 1
515-555-0154 1
50,100 1
212-555-0121 1
1170 1
678 1
37.9 1
400-700 1
11,17 1
3.36 1
20-22 1
17,860 1
19,390 1
08,410 1
1-4-0 1
20.18 1
7232 1
42.5 1
13.20 1
16.10 1
2234 1
1234223 1
1054 1
3835 1
0371 1
14633 1
14-05 1
18.50 1
943-66-2291 1
201.6 1
201.8 1
54,770 1
11,370 1
1365 1
3737 1
8-11 1
3.33 1
27,640 1
16-18 1
98495 1
30843084 1
86,400 1
q13 1
39.95 1
2,341 1
48,700 1
50,930 1
4011.6 1
10.36 1
.187 1
01-07-1972 1
36,100 1
8335107 1
8327603 1
8123018 1
๙๒๖ 1
๙๕ 1
๙๗ 1
1525 1
63477 1
167.68 1
60,61 1
62,63 1
35,340 1
------------------------- 1
3506 1
5784 1
3.19 1
04,000 1
10-85 1
2028 1
43,420 1
45,750 1
1015 1
33,330 1
35,520 1
01,740 1
03,000 1
44,460 1
47,250 1
618,429 1
010-1123-1234 1
10325 1
7988 1
2461 1
89722 1
10.50 1
9.50 1
1991- 1
937 1
37,300 1
3010 1
1407 1
99.98475 1
9-13 1
9,10,10 1
.25 1
38,740 1
124.6 1
7,8,899 1
72-4 1
8,7,6,5,4 1
00,460 1
01,800 1
2828 1
11.72 1
01,720 1
1-16 1
598 1
12.9 1
1-1-5 1
8361 1
4-6-5-0 1
640000 1
29,035 1
2,900 1
1.85 1
30-45 1
952 1
963 1
10.12 1
10.40 1
0808 1
54,510 1
44.5 1
134.6 1
810 1
162,500 1
15.05 1
4001 1
12,2007 1
78,000 1
3-19-1 1
86,600 1
17-26 1
758 1
12,900 1
14,650 1
916 1
18-49 1
09,670 1
12,150 1
54,690 1
53,060 1
6200 1
780 1
4074 1
2985 1
4-3-2-1 1
05,000 1
07,610 1
50,160 1
52,940 1
28,770 1
0413825 1
56,430 1
4.45 1
2521 1
12,530 1
3.87 1
20,0000 1
23365195 1
23589991 1
31.5 1
55,930 1
18,080 1
70,80 1
9,025 1
1.24 1
448 1
31,840 1
2,3,4,5,6 1
043 1
12,800 1
59,840 1
06,890 1
24-30 1
2911 1
qq777 1
52-24-48 1
12.80 1
128.00 1
25,980 1
5,120 1
900-1,200 1
56437 1
14312 1
65422 1
65408 1
06,670 1
08,830 1
19.79 1
7.40 1
40,330 1
42,910 1
19647 1
™ 1
58,580 1
8900 1
987 1
989 1
990 1
10.41 1
19,430 1
21,570 1
244 1
011-9781-0844 1
9781-0844 1
36.56 1
97.8 1
36.47 1
97.65 1
6195 1
67279 1
2,207 1
65393 1
52000 1
800-1,000 1
3734 1
3800 1
06.00 1
5.00-8.00 1
05-12-2010 1
825 1
4356 1
31,920 1
35,010 1
1.76 1
2.52 1
31,820 1
37,820 1
3224-5000 1
00-08 1
18,970 1
51,000 1
3009 1
30,400 1
34,830 1
39,880 1
41,280 1
24000 1
12.8 1
9228 1
703-555-0187 1
10-108 1
30.63 1
22,740 1
29.32 1
25.7 1
0,600 1
2633 1
20-83 1
57,140 1
00,180 1
09,700 1
12,660 1
328 1
19,180 1
22,540 1
2009-2010 1
877 1
982 1
646 1
000-7-17-12-0-14-26 1
4-6-9-9-0-3-8-4 1
4-6-9-9-0 1
1-0-4 1
61-6-2468 1
1-2-3-4-5 1
7572 1
5-3-0 1
1432 1
2.99 1
42,500 1
45,460 1
32.6 1
1-2-5 1
5,980 1
240-27 1
170-190 1
56,57,58,59 1
1872 1
1,246 1
1793 1
41.8 1
๒-๓ 1
๒๑๙ 1
๘๐๖ 1
100203423383494 1
8-1-2 1
28,251 1
6-0-7 1
0.13 1
1350 1
1585 1
1615 1
13.837 1
1-2-5-7-9-0-3 1
071053474 1
951 1
688 1
11,490 1
13,460 1
5058 1
21,2009 1
630,000 1
16-19 1
5.21 1
1072 1
1,570 1
505-1275223 1
4.15 1
10,12 1
6.1 1
6432 1
07.00 1
5-2-9-4-4-0 1
7.68 1
322.56 1
279.11 1
401,000 1
1.55 1
4639 1
772 1
40-0 1
100.1 1
18-22 1
5016 1
6-7-4-5-5-5-0-1-6-3 1
2- 1
6337 1
98401 1
15.42 1
607 1
1555999.9 1
41,680 1
44,130 1
47-8-13 1
137- 1
2.32 1
1104 1
17.10 1
6.23 1
1-1-2 1
09,630 1
11,190 1
18404 1
80-60 1
060 1
695 1
11- 1
9-1-0-9 1
1130 1
13,090 1
4916934999 1
51602 1
2800 1
850805-2371291 1
6666 1
57,750 1
59,140 1
31,120 1
33,790 1
12,300 1
15,200 1
06,600 1
10,400 1
3.49 1
5550000 1
15,600 1
13,950 1
399 1
1,120 1
3,906 1
5,603 1
8792 1
14,530 1
14,560 1
16,530 1
60-1 1
908 1
506 1
1819 1
1527 1
2-3-6-7 1
2-3-7-8 1
2-3-4-7-9-1 1
2-3-4-7-9 1
10-21 1
10-42 1
2810 1
10,390 1
11,870 1
30,350 1
212-165-9990 1
157-1431 1
917-157-1431 1
1.97 1
570,000 1
5-4-3-2 1
123456794 1
11-3 1
99.25 1
21,19,8,34,17,29,5,36,2 1
24,940 1
28,430 1
8408052371 1
95-96 1
0000,0000,0000 1
17,430 1
18,460 1
733.42 1
11-12 1
7-10 1
95.5 1
............................... 1
95.6 1
4,311 1
1,997 1
1,990 1
584 1
25,240 1
27,550 1
079 1
6.10 1
7-1-4-7-7 1
2173 1
1679 1
35,110 1
2,650 1
10,24,39 1
13,32,39 1
8,15 1
1427 1
53.50 1
127,850 1
40,000,000 1
294.68 1
73.6 1
0326 1
78.5 1
2213 1
11,12 1
21.77 1
230,000 1
2.08 1
0.187 1
59,720 1
01,880 1
49,590 1
51,390 1
51,070 1
59,060 1
00,990 1
30,080 1
33,480 1
04,580 1
06,640 1
8.10 1
9.10 1
1981-2000 1
23.3 1
2551 1
41,970 1
152,042 1
23-01-2011 1
904 1
11,400 1
4989 1
7,5000 1
5.55 1
470,000 1
965 1
56,730 1
59,290 1
961 1
72.51 1
29,030 1
17,490 1
22,290 1
0,255 1
061 1
0,000 1
356 1
84991 1
064 1
01045578 1
48,260 1
50,310 1
29,780 1
1462 1
86.05 1
1.62 1
1-2-1-2-3 1
415-864-0256 1
864-0256 1
119-120 1
864-2 1
96.4 1
21.33 1
1,962 1
15.80 1
9-1-7-4-5-4 1
102.1 1
15-17 1
7-50 1
555-01 1
877-504-8423 1
17.4 1
1093 1
1094 1
06,950 1
09,920 1
22.36 1
6,7,8,9,10 1
7-9-5-3 1
41.500 1
16,000,000 1
2063 1
5,550 1
17,200 1
21,250 1
43,380 1
41205 1
1406 1
08,740 1
27.50 1
89.99 1
70-75 1
80-85 1
263 1
389 1
393 1
538 1
45,160 1
47,470 1
28,120 1
15,560 1
30,110 1
23,230 1
2135 1
j-4 1
133113 1
1,5 1
8.22 1
1593 1
50,690 1
54,060 1
840805-2371291 1
1371291 1
523 1
2133 1
13,580 1
29,120 1
27,440 1
6,7 1
2099 1
5-4- 1
1-48 1
29,470 1
32,150 1
3-1-6-5-9-3-6 1
48,029 1
51,260 1
546-5600 1
0-7-1-4 1
1212 1
1612 1
29,810 1
42,200 1
45,130 1
2-5-9-0 1
6980 1
1,430 1
43,720 1
48,430 1
24,050 1
43,490 1
44,870 1
15.45 1
14.11 1
41571 1
11.25 1
21,010 1
