. 1248227
, 698418
? 330497
- 308486
! 167787
... 83401
" 55736
: 9922
' 5833
 4520
# 3379
.. 3140
 2854
– 2403
2 2235
10 2089
3 1836
1 1823
5 1778
] 1574
[ 1570
20 1557
30 1244
4 1133
15 990
° 989
6 982
50 947
8 895
100 876
) 852
00 841
7 839
000 794
( 789
12 747
¹ 675
40 625
9 574
% 560
25 510
* 504
} 502
/ 496
{ 477
± 451
11 448
$ 441
200 437
¾ 425
500 406
18 396
♪ 370
 367
300 357
14 351
60 344
17 334
13 329
24 326
16 323
0 302
19 273
1000 269
22 261
45 259
× 240
^ 239
23 237
90 236
 227
80 215
; 205
21 202
400 171
35 163
2000 161
48 158
70 157
@ 157
150 153
27 150
— 148
5000 147
911 142
26 136
600 134
42 126
32 119
800 118
28 118
75 106
01 104
43 102
3000 101
37 93
31 91
49 84
36 83
ē 81
120 81
| 76
\ 73
38 73
250 73
33 72
29 71
1,5 70
47 67
700 66
99 65
72 63
34 62
55 61
© 59
58 57
64 57
53 55
+ 55
4000 54
52 53
65 53
51 52
900 52
44 51
007 50
_ 50
39 50
46 48
777 46
180 45
41 44
85 44
1500 44
2012 42
95 42
57 42
05 41
2,5 41
84 40
1206 40
110 40
2005 39
2004 38
1200 38
10,000 38
56 37
83 37
227 36
67 36
6000 36
125 35
9000 35
50,000 35
76 35
04 34
54 34
61 34
10000 34
59 34
~ 34
62 33
74 32
06 31
101 31
20,000 31
140 31
160 31
02 30
03 30
1549 30
350 30
68 30
¶ 29
£ 29
91 28
66 28
2003 28
7000 28
8000 28
2-3 28
98 28
97 27
2007 27
360 27
2500 26
® 26
87 26
1944 26
2001 26
71 25
1-1 25
1969 25
1800 25
105 24
450 24
2008 24
1996 24
1980 24
77 24
63 24
1,000 23
112 23
69 23
73 23
1989 23
96 22
5,000 22
100,000 22
92 22
1988 22
88 22
201 22
130 22
2009 22
07 22
30,000 21
2006 21
89 21
23,976 21
750 20
78 20
1997 19
09 19
3,5 19
1971 19
94 18
650 18
​ 18
1943 18
2010 18
82 18
79 18
08 18
1967 17
86 17
2002 17
25000 17
5-6 17
2,000 16
100000 16
1945 16
170 16
155 16
210 15
128 15
115 15
1918 15
1700 15
6-2-6 15
240 14
2015 14
1965 14
550 14
107 14
4,5 14
102 14
2016 14
1998 14
1973 14
185 13
1992 13
1978 13
0,5 13
1991 13
93 13
= 13
500,000 13
93693210 13
325 13
2011 13
260 13
1960 13
1976 13
1985 13
1966 13
320 12
274 12
1962 12
50000 12
81 12
1979 12
1981 12
1941 12
270 12
15000 12
10.000 12
220 12
1993 11
1939 11
15,000 11
208 11
300000 11
1987 11
40000 11
3-1 11
3-4 11
1-3 11
122 11
1999 11
1-6 11
1983 11
1994 11
1968 11
1600 11
1938 11
1,2,3 10
116 10
1942 10
226 10
1963 10
6096 10
300.000 10
10-15 10
1975 10
0-5-0 10
3-1-5 10
103 10
1300 10
1977 10
1972 10
1984 10
347 10
60000 9
26,000 9
1912 9
108 9
302 9
147 9
161 9
104 9
1959 9
1,2 9
1974 9
275 9
113 9
365 9
237 9
1990 9
109 9
30000 9
1.000 9
950 9
1948 9
1932 9
1,6 9
988 9
2013 9
1,8 8
1930 8
1865 8
380 8
1895 8
230 8
15.000 8
1-2 8
2.09 8
1,200 8
1910 8
3500 8
¿ 8
3.000 8
1982 8
200,000 8
‭ 8
3-1-0 8
1950 8
1995 8
1899 8
1970 8
152 8
815 8
190 8
16000 8
2-6 8
90-60-90 8
166 8
970 7
299 7
183 7
119 7
747 7
135 7
1917 7
655321 7
30.000 7
370 7
2-2-0 7
1940 7
309 7
205 7
9.30 7
304 7
60659 7
1949 7
133 7
6,000 7
1400 7
1929 7
2017 7
131 7
207 7
7,5 7
10-24 7
442 7
364 7
126 7
137 7
20000 7
2014 7
17.30 7
40,000 6
2030 6
3,000 6
850 6
2-5-0 6
707 6
1919 6
5.30 6
2-1 6
5.000 6
1957 6
4500 6
1958 6
5-0 6
6-5-0 6
375 6
617 6
1954 6
2,3 6
225 6
969 6
215 6
6-4 6
2300 6
12000 6
172 6
1906 6
1-9-5 6
1935 6
1920 6
141 6
1891 6
23-19 6
117 6
151 6
106 6
4,000 6
425 6
3-6-3 6
391 6
1.5 6
0-1 6
6034 6
5506 6
8.00 6
10-12 6
280 6
114 6
2400 6
451 6
312 6
1.500 6
221 6
½ 6
2-4-0 6
9800 6
1964 6
2,500 6
1612 6
4-5 6
3,2 6
150000 6
6.00 6
197 6
25.000 6
1-9 6
500000 6
1900 6
1-5 6
1909 5
8,000 5
14.00 5
176 5
134 5
412 5
12,000 5
2,6 5
25,000 5
6-1 5
3600 5
1,4 5
1914 5
187 5
3-1-6 5
1931 5
35000 5
149 5
1921 5
 5
ã 5
1936 5
2,50 5
206 5
80000 5
1-8-0 5
1952 5
121 5
11,5 5
10.30 5
331 5
148 5
਍ 5
9-9 5
2029 5
972 5
540 5
6,5 5
719 5
1893 5
10-4 5
127 5
307 5
009 5
50.000 5
4.000 5
10-20 5
145 5
2904 5
1933 5
ģ 5
243 5
242 5
660 5
689 5
1124 5
405 4
118 4
129 4
971 4
1.200 4
415 4
744 4
441 4
1,400 4
132 4
8-10 4
1907 4
1882 4
305 4
157 4
1986 4
9248 4
446 4
223 4
20-30 4
1911 4
1946 4
7,000 4
1924 4
19.30 4
1878 4
5,7 4
2200 4
600,000 4
122.50 4
1898 4
303 4
202 4
2900 4
960 4
915 4
199 4
16,000 4
8,5 4
50-50 4
1620 4
490 4
0-2-0 4
80,000 4
95,000 4
2-5 4
1328 4
144 4
6-7 4
4-5-7-2 4
1902 4
640 4
2.5 4
143 4
298 4
15-20 4
175 4
¡ 4
555 4
350,000 4
1937 4
741 4
233 4
1953 4
6,50 4
.357 4
16.00 4
-- 4
1922 4
2.7 4
452 4
2203 4
5,6 4
40.000 4
12,5 4
60-40 4
428 4
290 4
720 4
26.000 4
1776 4
250,000 4
417 4
6-8 4
4.0 4
10549 4
0157 4
480 4
〰 4
1690 4
1947 4
2610559 4
3-0 4
2,4 4
1925 4
1904 4
211 4
156 4
244 4
90206 3
18.00 3
562 3
15.00 3
1,500 3
1-0 3
1880 3
17000 3
952 3
45.000 3
308 3
204 3
124 3
1039 3
641 3
4-2 3
6-2 3
6600 3
1913 3
70,000 3
2-4 3
1926 3
740 3
10-10 3
250000 3
414 3
8500 3
91,6 3
˛ 3
432 3
9,5 3
621 3
25-30 3
3100 3
10-0-0 3
2150 3
300,000 3
159 3
35.000 3
7.62 3
12.30 3
1,3 3
702 3
10-31 3
1876 3
6030 3
2.0 3
423 3
195 3
1812 3
056 3
9100 3
12.000 3
177 3
14.000 3
1100 3
571 3
634 3
179 3
3,6 3
300-400 3
422 3
990 3
800,000 3
254 3
3.5 3
2-3-7 3
477 3
395 3
46-02 3
1888 3
0-1-5 3
1903 3
4.2 3
475 3
4800 3
1012 3
800000 3
8-1 3
1712 3
1789 3
5500 3
40-50 3
5-0-6 3
455 3
200000 3
6468 3
· 3
.38 3
316 3
1881 3
4,3 3
1099 3
235 3
 3
1150 3
173 3
279 3
456 3
162 3
324 3
2-9 3
502 3
315 3
3700 3
178 3
1955 3
138 3
163 3
.00 3
29.5 3
‚ 3
..... 3
310 3
200.000 3
8.000 3
1867 3
3.9 3
406 3
9-9-9 3
3200 3
1927 3
188 3
956 3
814 3
182 3
812 3
0-0-0 3
759 3
1580 3
3,1 3
18000 3
2-2 3
75000 3
158 3
181 3
566 3
5.45 3
10-06 3
1956 3
1961 3
256 3
999 3
1868 3
980 3
4.30 3
5-7 3
7500 3
5700 3
92631043 3
7,300 3
530 3
9,6 3
746 3
2-6-5 3
2-7-0 3
329 3
2-6-0 3
.45 3
50-60 3
2022 3
820 3
941 3
3-5 3
327 3
19,95 3
9-1-1 3
1780 3
590 3
1.80 3
16,5 3
9.00 3
22000 3
4-4-2 3
14000 3
4,7 3
2.1 3
645 3
1,95 3
993 3
54-09 3
0,7 3
11000 3
917 3
1-5-0 3
968 3
13,000 3
1510 2
10.4 2
6.09 2
7.15 2
9-6-2-5-0-7 2
8-6 2
8,20 2
0-3 2
217 2
0600 2
258 2
272 2
386 2
0023 2
0024 2
770 2
0830 2
001 2
937 2
33,000 2
10- 2
6700 2
14800 2
12500 2
200-300-400 2
1606 2
864 2
5,5 2
4-9-5-6-9 2
15.34 2
150,000 2
17,6 2
15-16 2
4227 2
27-37 2
25-45 2
283 2
4,8 2
32.50 2
1575 2
34.88 2
1-5-0-1 2
421 2
9300 2
014 2
2.23 2
154 2
5.6 2
5-8 2
4750 2
07902 2
8-1-5 2
513 2
425417 2
9.34 2
981 2
9.42 2
1638 2
755 2
404 2
0530 2
348 2
3-7 2
0000 2
652 2
3.25 2
1385 2
528 2
4.1 2
0,292 2
1490 2
1,095 2
362 2
1814 2
1817 2
615 2
6.50 2
5,8 2
430 2
7.25 2
2976 2
1-0-0-2 2
0400 2
19000 2
2700 2
651 2
1008 2
ź 2
905 2
218 2
80924609 2
2,700 2
1148 2
2.07 2
4.5 2
24,039 2
˙ 2
7-0-2 2
45,103 2
520 2
503 2
1143 2
47,372 2
1844 2
5.57 2
754 2
4-23 2
50-100 2
3154 2
7300 2
444 2
60-90 2
7-3-0 2
350000 2
50,200 2
1272 2
1883 2
7.05 2
3233 2
371 2
909 2
848 2
10-1 2
2.75 2
10009 2
7.20 2
733 2
375000 2
831 2
760 2
1,100 2
604 2
4311 2
7,7 2
95,25 2
11-0 2
1897 2
7-5 2
1-800 2
167 2
4-0-5 2
458 2
9212 2
5-20 2
285 2
625 2
5-4-3 2
6028 2
642 2
9.45 2
4-6 2
833 2
832 2
2023 2
1,75 2
100.000 2
〺 2
168 2
439 2
5678483 2
4152 2
311 2
45000 2
35-40 2
435 2
2100 2
387 2
1210 2
1770 2
1.600 2
4-3 2
243-1 2
457 2
1896 2
7676 2
706 2
549 2
638-3279 2
977 2
337 2
1647 2
342 2
2,8 2
967 2
2421 2
991 2
354 2
12.5 2
111 2
5. 2
664 2
3-3-4 2
4-56 2
11-22 2
1202 2
1875 2
671 2
2-1-0 2
6,3 2
1682 2
7,2 2
264 2
448 2
191 2
330 2
418 2
5.56 2
525 2
2020 2
11649 2
3-10 2
2-8-0 2
9.15 2
3672 2
1320 2
9888 2
1866 2
31043 2
8618 2
3-0-2-3 2
420 2
806 2
136 2
8-9 2
2.00 2
2-0-5 2
644 2
866 2
2.14 2
1916 2
2505 2
546 2
6,75 2
804 2
250.000 2
951 2
23-56 2
273 2
11.07 2
17.50 2
165 2
255 2
284 2
2-6-9 2
299,99 2
54-90 2
10.00 2
2012-01-20 2
453 2
31305 2
1838 2
700.000 2
189 2
709 2
203 2
344 2
626 2
6,4 2
257 2
6008 2
1545 2
9-3-3-0-1 2
381 2
3-2 2
1.2 2
089 2
1204 2
314 2
25,680 2
489 2
2.2 2
1187 2
792 2
10.25 2
212 2
1,9 2
2,400 2
6400 2
32,000 2
11.000 2
708 2
1-9-0 2
23-17-46-11 2
5944 2
1934 2
6492 2
0900 2
473 2
876 2
901 2
928 2
699 2
231 2
1-1-9 2
13.000 2
222 2
45,000 2
224 2
€ 2
2,7 2
12,2 2
69,000 2
70000 2
6.000 2
5.4 2
1850 2
2019 2
1887 2
1001 2
1234 2
3,50 2
9830 2
1,1 2
98.6 2
512 2
341 2
.... 2
8328 2
193 2
613 2
1175 2
12-1 2
247 2
326 2
390 2
40-60 2
2070 2
20.00 2
7.000 2
657 2
849 2
15.15 2
234 2
246 2
522 2
1905 2
8-0 2
4-17 2
775 2
1,760 2
18.30 2
690 2
4.55 2
17,000 2
11,000 2
1520 2
123 2
10-30 2
581 2
164 2
2046 2
1885 2
882 2
39,99 2
20-24 2
10-60 2
3300 2
13.15 2
10.48 2
2-11 2
8.95 2
1863 2
9,8 2
800.000 2
1894 2
29.99 2
ł 2
500.000 2
2.000 2
887 2
4-1 2
884 2
79,5 2
670 2
1870 2
6-0-0 2
7.7 2
1821 2
773 2
410 2
000,00 2
22.00 2
.223 2
4-2-0 2
0,15 2
2455 2
9-10 2
14.27 2
476 2
3-4-0 2
474 2
3-0-0 2
8.5 2
39,310 1
829979245 1
42,795 1
29979 1
620.000 1
14-1 1
1268 1
792458279 1
50.6 1
15,2 1
11.45 1
14,621 1
575.000 1
150.000 1
582997924 1
18. 1
04,520 1
1353 1
10.10.2004 1
08,280 1
0800 1
1139 1
3,2,1 1
4.400 1
12. 1
802.11 1
12,419 1
12,196 1
02,806 1
1.001 1
10-80 1
128. 1
46.50 1
139 1
9-4 1
98.8 1
5-0-5 1
24,03 1
10,60 1
722 1
2.880 1
36,892 1
6-4-6 1
40,259 1
22,98 1
13.10 1
1596 1
437 1
24,40 1
20,453 1
10,706 1
22,122 1
01,000 1
2.50 1
10-71 1
17,34 1
1.98 1
1-342-3464 1
675 1
2-3-1-1-6 1
1.83 1
50. 1
64,000 1
214 1
0-100 1
45-60 1
21,657 1
557 1
786 1
534 1
24,576 1
.22 1
879 1
032 1
4-0-7-2 1
10-29 1
310-555-0199 1
2121 1
34-14 1
14850 1
8950 1
7100 1
5200 1
12942 1
434 1
20140601 1
19400909 1
407,000,000 1
2233 1
14,13 1
377-31-8622 1
2114 1
1-68 1
1-8 1
19150816 1
8926 1
401-2-3 1
635 1
465 1
3.00 1
780 1
22.011 1
.23 1
3. 1
376 1
2090 1
26-25 1
1815 1
1849 1
208,72 1
784 1
123.9889 1
40.1326 1
69,2 1
21,3 1
3800 1
178294012 1
745,65 1
69,13 1
8,500 1
624 1
92,88 1
212683550 1
301 1
7565 1
350-400 1
1120 1
14.50 1
71-15-04 1
405-5 1
1323 1
760000 1
865 1
1742 1
149.99 1
2703 1
2.12 1
9.99 1
801 1
451-1226 1
3-42 1
854 1
9435 1
3-18 1
1656 1
2-8-4 1
6622 1
19.45 1
6734 1
3846 1
8-14 1
3649 1
¸ 1
1280 1
1314 1
1967-1998 1
64-63 1
358 1
456,100 1
2003-11-07 1
254-41 1
110,000 1
0,12 1
--- 1
447 1
1772 1
0815 1
1832 1
775.000 1
29,4 1
20.000 1
834-5571 1
10-2 1
336 1
19622 1
1648 1
385 1
499 1
1,78 1
8506 1
7254 1
2,05 1
2901 1
1,55 1
1,57 1
1,58 1
10-16 1
0-9-0 1
2-2,5 1
4-0-9-9 1
2-94 1
400,000 1
23-69 1
1822 1
7700 1
1138 1
59,679 1
57,809 1
856 1
26,695 1
1587 1
26,283 1
55000 1
2,69 1
43,910 1
1,20 1
45-55 1
350.000 1
975 1
561 1
16.50 1
4,200 1
4-11 1
2714 1
5.38 1
1847 1
25,265 1
55,709 1
498 1
9,3 1
585 1
287 1
1270 1
1220 1
1,80 1
286 1
1,300 1
11,3 1
411 1
19,7 1
54,560 1
47,090 1
38,64 1
07,308 1
2050 1
54,038 1
51,760 1
2541 1
46,999 1
43,760 1
2428 1
39,118 1
36,319 1
2394 1
06,839 1
03,359 1
2192 1
55,429 1
51,880 1
39,318 1
36,119 1
25,879 1
21,479 1
01,429 1
58,840 1
17,919 1
14,720 1
1635 1
27,959 1
2910 1
2.8 1
99.7 1
5,33 1
3043 1
11.111 1
11111 1
7000000 1
930-05 1
5903.5 1
0.32 1
0.50 1
0.0509-0.076 1
4-0 1
1,40 1
1,42 1
09,008 1
‟ 1
687 1
10.9 1
4-7-0-9 1
1230 1
2350 1
1831 1
5-5-0 1
5-3-0 1
5-6-7 1
5-0-0 1
620 1
3.3 1
4753 1
10-32 1
680 1
3.400.000 1
30º 1
6971 1
325000 1
15000-10000 1
776 1
10-545 1
623-2213 1
50,695 1
49,433 1
75-49 1
169 1
10-66 1
20-25 1
39.95 1
1965-2007 1
19.99 1
1018 1
1546 1
8,99 1
42,162 1
37,857 1
56.240 1
108.1 1
25908 1
10.52 1
10-41 1
1,60 1
1,25 1
1532 1
0,65 1
87,9 1
1,30 1
2,25 1
1,65 1
15,11 1
15,9 1
10-520 1
10-45 1
265 1
4,86 1
88,4 1
23669 1
4986 1
13,39 1
2500-3000 1
38,70 1
84,14 1
1,88 1
0,84 1
0,43 1
1,68 1
12,8 1
13,10 1
14,9 1
035 1
192 1
㤹㤹 1
1714 1
20,500 1
10,220 1
06,784 1
1736 1
7710 1
7-7 1
2-3-1 1
280-300 1
3-29-77 1
敮㱴是湯㹴 1
⹳ 1
癴畳瑢瑩敬 1
⹷ 1
楳敺ㄽ㸴睷 1
• 1
晦晦 1
⌢ 1
潣潬㵲 1
⁴ 1
昼湯 1
㨰ⰲ 1
‾ 1
ⴭ 1
‰ 1
㨰ⰰ〵 1
160,000 1
10.7 1
16.8 1
14.4 1
96265552222 1
470 1
6.8 1
2,2 1
229 1
396 1
72,000 1
527 1
494 1
3.30 1
268 1
2017-01-28 1
4874 1
23,700 1
510 1
315000 1
210000 1
4,75 1
1,2,3,4,5 1
1042 1
285.99 1
589.99 1
49,95 1
66,7 1
33,3 1
2015-05-02 1
8.34 1
1590 1
816 1
68724 1
1322 1
6-0 1
93.6 1
870 1
6-7-4-2 1
1058 1
7.22 1
3.40 1
18.50 1
714 1
619 1
785506 1
3-6-7 1
32,252 1
29,624 1
038-00-7128 1
328 1
11. 1
15.8 1
5-4-3-2-1 1
10-9-8-7-6 1
5.500 1
1384 1
852 1
2-2-7-1-5 1
6.500 1
2012-09-22 1
2105 1
51.622 1
.380 1
2.3 1
59,900 1
454 1
443 1
440 1
438 1
4976 1
431 1
01,580 1
429 1
426 1
424 1
1-4-1-1 1
2373 1
5184 1
4382 1
434-60-5119 1
98,8 1
316165 1
.30-06 1
803 1
197667 1
3.15 1
2013-04-04 1
919 1
0-8-2-8-2-0-1-1-4-1-3-0-8 1
3801 1
7-4-0 1
2.724 1
10001 1
.205 1
.347 1
0-1-2 1
5-2 1
5-5-2 1
55,9 1
818 1
1157 1
1162 1
787 1
3714826 1
237418665 1
0-5 1
2618 1
310-555-015 1
555-42 1
4100 1
51,1 1
53,9 1
8006 1
525524 1
812553 1
812729 1
2727 1
812504 1
14-21 1
1228 1
4-15 1
2-8 1
8.50 1
22-23 1
2231970 1
10013 1
12.59 1
3-3-0 1
4-0-4 1
7.500 1
3-3 1
1-5-9 1
8.500 1
2-3-2 1
1-4 1
8-4 1
3,99 1
9999 1
1858 1
110-111 1
00-1 1
0700 1
1-6-0 1
3-5-5 1
100-150 1
9.000 1
9.500 1
0,8 1
3900 1
1874 1
9-7-4-2 1
4-5-6-2 1
45,9 1
572 1
2920 1
17,5 1
2004-2008 1
2002-2004 1
384 1
42600 1
2053 1
500-700 1
517 1
834 1
38270017 1
38.9 1
36,6 1
730 1
6,48 1
132-46 1
2986 1
0,0074 1
24,5 1
51,5 1
93822 1
001540-591074 1
646 1
6884 1
228 1
5-23 1
1050 1
00-05 1
1.000.000 1
7.30 1
60.000 1
1537 1
2160 1
1-83 1
6300 1
6328 1
1951 1
11-350 1
559 1
209-211 1
1667 1
850.000 1
1571 1
0.75 1
74.50 1
31-10-1978 1
78499- 1
1898- 1
1-900-555-7618 1
236 1
2003-09-25 1
011 1
6404.5 1
2199 1
5-4-4 1
1666 1
209 1
1,5-2 1
200-300 1
987 1
583 1
15.4 1
8963 1
29-76 1
8224 1
0-5-1-6-0-2 1
2-5-1 1
2-5-1-22 1
28,480 1
6246 1
118,5 1
1712.08.22 1
2-5-0-2-2 1
1-4-6-7 1
5-1-7-1 1
3-1-7-7 1
1-0-0-2-6 1
9-3-1-8-5-3 1
1181 1
13-76 1
38-90 1
3-6-4-5 1
13-27 1
5-7-5-5 1
2-7-1-7 1
30-7 1
3211 1
710-49 1
24601 1
45,6 1
757 1
0,25 1
9,59 1
4258 1
920 1
5800 1
1,2,3,4,5,6,7,8 1
15-17 1
1564 1
9500 1
29,095 1
2013-04-13 1
09,800 1
11,360 1
72.535 1
42.5 1
413 1
68,12 1
373 1
31,680 1
0,290 1
32,720 1
7823 1
713 1
2384 1
785370 1
60º 1
925 1
4.6 1
3,7 1
5000-8000 1
ùò 1
4000-5000 1
1871 1
526,000 1
0.00 1
7348 1
57,7 1
2262.18 1
2263.02 1
2230.06 1
2263.2 1
13,2 1
1915 1
5.05 1
2040 1
16.45 1
22.01 1
5.25 1
213656312 1
0,0833 1
8,48 1
4,25 1
8,40 1
3,40 1
9.8 1
1084 1
647 1
298567 1
61679000 1
14495719 1
100644000 1
2005-2006 1
6008000 1
6500000 1
376109 1
2006-07-04 1
1040 1
71,5 1
295 1
42,5 1
60,5 1
9876 1
1890 1
1884 1
367 1
14.30 1
10231 1
1054 1
6373 1
-9 1
128748 1
37015 1
193,22 1
22,9 1
600-700 1
43000 1
32000 1
6,90 1
,1 1
2061 1
0,002 1
1950-1995 1
2117 1
1988-2004 1
1895-1978 1
7.1 1
0,00000000003 1
3,8 1
8,7,6 1
6.30 1
529 1
072099 1
727 1
875 1
1855 1
12-0 1
1774 1
1861 1
4.00 1
0-4 1
4,5-10 1
28000 1
2.600 1
483 1
27468164 1
1586 1
1.4 1
2017-01-26 1
.44 1
14.99 1
286705 1
9900 1
29,90 1
2006-2016 1
2021 1
4-6800 1
051 1
9-11 1
294 1
859 1
914 1
278 1
3320 1
556 1
2-9-8 1
853 1
2-0-0 1
1-6-7 1
774 1
111000 1
4572 1
3-3-1 1
1,85 1
10-13 1
245 1
75543 1
287765 1
8.8 1
012 1
10.1 1
2032 1
5,76 1
470,000 1
49.4 1
14472 1
6,9 1
478 1
0,2 1
1.8 1
1959-1997 1
2024 1
1.567 1
614 1
4420 1
39-30 1
346 1
96.2 1
4.32 1
9-3 1
20- 1
2599 1
7400 1
2.45 1
5.7 1
2-2-2-4 1
4,30 1
2. 1
3.4 1
6-1-1 1
2343 1
5736917 1
6725451 1
1117 1
2417 1
4-1-1 1
497 1
6769 1
14,000 1
12389 1
1. 1
469 1
2013-03-11 1
1611 1
1543 1
1839 1
956958 1
07950 1
133,1 1
47,000 1
74,000 1
1,92 1
1661 1
1,10 1
13.30 1
4862681 1
7-0-3-5 1
760403 1
1192-1200 1
15.18 1
600-650 1
4365 1
654765 1
673 1
4472 1
1829 1
47859 1
1999-07-10 1
8.27 1
281 1
359 1
30-35 1
6578,2 1
52,083 1
50,539 1
1368 1
,30 1
501 1
2025 1
8850 1
2,30 1
1000100 1
505909 1
445112 1
6-19-82 1
2058 1
........ 1
137512 1
36706 1
22.50 1
1792 1
821 1
............. 1
1574 1
1573 1
1572 1
30,154 1
27,219 1
569 1
18,257 1
27,000 1
14,821 1
55,398 1
53,840 1
42,294 1
39,359 1
445 1
4343 1
4344 1
408-555-1432 1
2027 1
555-2175 1
3831 1
109,95 1
467 1
16,278 1
7.5 1
1395 1
18,620 1
51,285 1
49,158 1
321 1
12,657 1
09,626 1
56,119 1
54,256 1
47,845 1
43,887 1
20,722 1
00,393 1
58,435 1
1145 1
.223. 1
1505 1
16781 1
6-3 1
.50 1
2641 1
9726 1
696 1
0106 1
00.36 1
91-98 1
21,253 1
190-193 1
18,488 1
37,765 1
20,539 1
23,185 1
20,751 1
6,23 1
400-500 1
1909-1954 1
42000 1
3400 1
33000 1
175000 1
142000 1
93485 1
205-555-01 1
117.13 1
2.540 1
6.237 1
1.853 1
8.25 1
7935 1
1960-2005 1
954 1
953 1
150-200 1
891 1
39,699 1
542 1
21,506 1
22.55 1
2-33 1
18.58 1
7-3-4-4-2-5-6-4-3-6-7 1
6-3-9-6-4-1 1
47.55 1
28,500 1
1406 1
11.50 1
6-0-2-8 1
239 1
261 1
09.04.01 1
09.04.12 1
416 1
6-6 1
2-8-5 1
4.3 1
2258.42 1
548 1
3-0-5 1
1.26 1
2233.04 1
487 1
1203 1
1555 1
1201 1
1469 1
7-1 1
1417 1
8-8.50 1
2008-201 1
980-81 1
964 1
5,9 1
3-5-2 1
212-555-9898 1
1945-1962 1
996 1
591 1
38,11 1
1307 1
10.26 1
7709 1
12-879 1
23,75 1
2390 1
4632 1
2267 1
289 1
4,23 1
732 1
415-012-6127 1
7-7.50 1
30351 1
3035 1
126113 1
4,24 1
20.30 1
60-85 1
78-35 1
0-0-9 1
3517 1
2598 1
266 1
1006 1
873 1
666 1
704 1
41,852 1
39,349 1
37,167 1
32,996 1
663 1
31,148 1
27,477 1
3.2 1
58,076 1
55,699 1
25-0 1
22,401 1
17,896 1
50,637 1
47,406 1
824 1
2-3-4 1
42,008 1
2-3-9 1
37.243 1
2.015 1
40,700 1
38,900 1
24,800 1
21,700 1
3434 1
3325 1
10880 1
3,200 1
2-0 1
90265 1
133-41 1
0-3-4 1
6.5 1
4321 1
18,000 1
185-190 1
19225004 1
2-7-3 1
8800 1
2259.55 1
813 1
565 1
23.17.46.11 1
090-4079-2677 1
1375 1
39,312 1
788 1
18,018 1
3.32 1
505-555-0162 1
8-4-9-9-1-1-6 1
356 1
0192810 1
1.6 1
2,061 1
10,255 1
51216 1
2013-09-28 1
95000 1
999,9 1
2650 1
1.900 1
5101 1
25-27 1
1989-1995 1
.17 1
.204 1
.243 1
408,2 1
35.9 1
8.15 1
3650 1
39000 1
949 1
8.05 1
8.30 1
8.45 1
15,788 1
718 1
43,260 1
39,893 1
691 1
49,080 1
46,646 1
658 1
28,028 1
25,093 1
30,533 1
1435 1
1-3-4 1
02-27-1975 1
18-33 1
19.00 1
19.05 1
18,5 1
0352 1
0,380 1
5951 1
998 1
11-49 1
3.000.000 1
23130 1
0,38 1
72163427 1
34,800 1
1-3-3 1
2353 1
47,880 1
14,748 1
13,520 1
5999 1
1601 1
96,3 1
648 1
0.38 1
3.7 1
318 1
1630 1
000,000,000,000 1
.32 1
68,4 1
1759 1
17,3 1
22370 1
1668 1
0,33 1
177,5 1
2,1 1
2,47 1
90703 1
35,000 1
5.5 1
48,471 1
353 1
20,240 1
20,080 1
1007 1
20,956 1
18,840 1
26900 1
09,070 1
07,000 1
868 1
30,109 1
29,040 1
819 1
13,715 1
12,600 1
13,229 1
12,080 1
57,356 1
55,320 1
589 1
24,633 1
23,200 1
296 1
04,471 1
02,480 1
069 1
21,320 1
20,717 1
21,389 1
03,920 1
717 1
1979-2001 1
60,000 1
4-4 1
00,955 1
58,794 1
1066 1
58,616 1
56,125 1
1065 1
24.7 1
37,000 1
...... 1
881 1
883 1
2- 1
2-0-0-1 1
885 1
886 1
0.30 1
1432 1
1869 1
2003-10-30 1
0-0-5 1
677 1
1-14 1
4-14 1
15- 1
30-06 1
30,30,30 1
1489 1
15,33 1
6,0 1
934-8777 1
0500 1
026 1
22.3 1
010 1
768 1
160,40 1
736 1
729 1
695 1
667 1
370-698-31435 1
578 1
160. 1
710 1
19,399 1
16,900 1
1026 1
3.50 1
3113 1
5.2 1
9024 1
1.3 1
40,40,40 1
04,591 1
711 1
09,360 1
409 1
90210 1
580 1
2.29 1
1-4-1-7-1-7 1
333 1
0.455 1
2-5-4 1
1-8-5 1
38-54-45 1
750000 1
825 1
5.15 1
23.05 1
4200 1
127-31-22 1
29.32 1
25.7 1
35.88 1
0-90 1
2026 1
29,5 1
932 1
903 1
32.6 1
9,000 1
6627 1
2206 1
2765 1
602 1
14267 1
28,901 1
26,462 1
1765 1
4-4-1 1
00. 1
0,000 1
438,000 1
379 1
219 1
306 1
213 1
6-1-0 1
772 1
7855 1
4639 1
27-4 1
23.976 1
3655 1
12-6 1
49-51 1
1,70 1
13,5 1
4,2 1
3418 1
22.14 1
60-70 1
766 1
16,760 1
1670 1
54,796 1
54,000 1
1528 1
31,712 1
31,200 1
1401 1
24,635 1
23,680 1
1321 1
08,232 1
06,480 1
1298 1
19,876 1
19,160 1
18,830 1
17,920 1
1271 1
07,556 1
06,840 1
07,788 1
04,000 1
1118 1
10,315 1
17,556 1
6,2 1
910 1
601-30 1
1090 1
1089 1
1.74 1
.0,77 1
.077 1
8-4-5-4-4-7-3 1
403 1
401 1
340 1
872 1
3050 1
1652 1
2010-09-23 1
762 1
20,639 1
260-1 1
22,300 1
41,5 1
41.5 1
27.80 1
41.1 1
999999 1
0.1 1
4. 1
4.36 1
2501 1
372 1
36,600 1
39,600 1
44,700 1
1.21 1
13.5 1
6.55 1
823 1
35-36 1
1935-2010 1
1966-2009 1
2011-07-15 1
601 1
7415 1
1508 1
2011-12-03 1
95.45.265.284 1
262 1
555-0157 1
212-5 1
520-5555 1
252 1
77-231 1
40,3 1
2011-08-30 1
993-201 1
40,7 1
682 1
1864 1
1.22 1
04.1 1
1,90 1
12-4-1960 1
47-46 1
48-46 1
47-48 1
70-30 1
105,5 1
12.45 1
13.14 1
2012-01-31 1
5040 1
2012-01-04 1
24.00 1
03.00 1
2011-11-09 1
2011-08-28 1
05.00 1
8558241777 1
277995 1
277,890 1
3267678 1
49.87 1
2011-08-06 1
5-10 1
917-176-2030 1
1085.1 1
7-6-1962 1
26-10-1954 1
2012-04-13 1
100375 1
0.86 1
45,656 1
14004 1
918 1
40019 1
1958-2010 1
744,000,000 1
,8 1
0022 1
22. 1
5900 1
345 1
9.844 1
1.1 1
022 1
55,1 1
986 1
985 1
1985-04-21 1
5,31 1
15,369 1
64,60 1
103,97 1
54,334 1
5-3-2 1
5-4-1 1
46,884 1
73,6 1
1928 1
963 1
6550-99 1
2037 1
3109 1
2-12-39 1
2010.07.03 1
0,03 1
6,47 1
6,81 1
34,4 1
1328334 1
1-304-1-32-01-98 1
150004 1
13985 1
335 1
8080 1
1636 1
50-55 1
14,99 1
1-213-555-0184 1
13.00 1
363562859 1
7,62 1
125,7 1
21.30 1
974 1
959 1
1279 1
12.25 1
2011-09-03 1
1113 1
11-7 1
11-3 1
9703 1
7419 1
1192 1
092 1
291 1
7.750 1
39,722,689 1
114,457,768 1
2012-02-01 1
1960-1970 1
8600 1
10.15 1
2860 1
3750 1
700-750 1
931 1
2011-08-21 1
1854-1891 1
0801 1
0403 1
7,63 1
1826 1
3048 1
3867 1
2011-08-19 1
1216 1
28,229 1
26,519 1
1335 1
57,158 1
53,719 1
1144 1
12,638 1
11,199 1
1128 1
13,150 1
11,119 1
47,319 1
45,280 1
790 1
00,879 1
57,599 1
28,318 1
22,680 1
21,598 1
19,079 1
8,754 1
36,000 1
5180 1
837.57 1
2011-11-30 1
1886 1
18-45 1
1927-2001 1
472 1
923-7723 1
808 1
1860 1
36.9 1
728 1
00.30 1
7134990913 1
8412 1
18.20 1
757,000 1
3227 1
04.30 1
415,120 1
2011-07-07 1
54-34 1
965 1
2011-09-09 1
392 1
6,93 1
899 1
23.00 1
8760 1
11.52 1
7,5000 1
2011-08-26 1
645-2796 1
186 1
0-99 1
21,000 1
19300 1
4877 1
5364 1
3-2-5-5-7 1
943 1
942 1
2011-10-15 1
7132 1
15,58 1
349,99 1
2,99 1
830 1
12-1-0 1
1534 1
481 1
4.42 1
7315 1
.27 1
7951 1
2001-04-03 1
2813 1
4399 1
2012-03-03 1
24,15 1
36000 1
0-95 1
1,872 1
31-0-0 1
17-0-0 1
9,95 1
40.5 1
6120 1
1585 1
968.07.02 1
966.08.07 1
0,69 1
925-2006 1
000-250 1
3-6 1
99.25 1
2135 1
330-20 1
34-30 1
349 1
1968-69 1
979 1
978 1
933 1
270.3 1
458,4 1
2,20 1
2,300 1
1944-2012 1
16-50 1
2077 1
5,4 1
8,25 1
588 1
20.52 1
9723 1
157000 1
955 1
6.45 1
80-85 1
10.45 1
2011-09-01 1
64762 1
3350 1
2010-09-22 1
---------------------------------- 1
738 1
310-11 1
1415 1
27,232 1
25,560 1
560 1
17,471 1
15,480 1
14,068 1
12,840 1
1613 1
1610 1
1604 1
1327 1
20.49 1
1969-04-07 1
2-20 1
1968-1 1
5400 1
82,000 1
1743-1826 1
60-65 1
8.46 1
9-5 1
5-9 1
1737-1809 1
2600 1
765 1
86000 1
8-8-1-9-6-7 1
40,5 1
1862 1
9,7 1
44,417 1
43,417 1
38,190 1
37,109 1
343 1
¼ 1
4-15-71 1
41571 1
04-15-71 1
3.510 1
281,477 1
323 1
2011-12-18 1
6,15 1
1642 1
1,848 1
1879 1
1901 1
1764 1
1987-2013 1
1,31 1
8-5-6 1
610 1
9-2-5 1
1-0-7 1
653 1
2.99 1
4.15 1
1.45 1
345-1 1
16-9 1
6,500 1
130000 1
2-3-6-7 1
2-3-4-7-8-6 1
3-7-9-4 1
1527 1
1819 1
144,579,651 1
70,562 1
38.25 1
14,199 1
.99 1
3-4,000 1
048-32-1198 1
921 1
1428 1
5453 1
6.7.47 1
6.8.64 1
269 1
2.500 1
2-2-0-5-6 1
0.3 1
3-57 1
2011-10-23 1
600.000 1
507 1
000,14 1
4388476 1
067 1
1243 1
724 1
504 1
946 1
75-03 1
27,7 1
27,5 1
216 1
63.43 1
2011-08-01 1
402 1
9833 1
37.50 1
15-0 1
3,20 1
16-0 1
2777 1
2012-02-23 1
30,07 1
1805 1
36-0-0 1
10-23 1
2,9 1
668 1
40,267 1
38,470 1
484 1
49,047 1
46,350 1
24,97 1
1788 1
75,000 1
9873 1
13-14 1
36-48 1
319 1
7633 1
7,6 1
52,8 1
271 1
7-6 1
8763 1
694 1
0.625 1
672 1
96-60 1
9-0 1
0-7-5 1
12-8 1
0.301 1
2-9-5 1
2154 1
692 1
78,3 1
355 1
6149 1
28557 1
631 1
0-9-7 1
1366 1
80-100 1
2049 1
16.15 1
2560 1
2,95 1
74,5 1
11.80 1
19.83 1
623 1
656 1
56789 1
752000 1
5001 1
3,36 1
97. 1
9,9 1
1253 1
990-69-47 1
546-2312 1
434-6603 1
194 1
357 1
45620 1
66,000 1
1-6-4-1-7 1
46751 1
300.00 1
26354. 1
1801 1
926 1
7,03 1
4869580 1
399 1
11,853,090.88 1
900,000 1
0.350 1
512-555-0199 1
1.02 1
